,kc,LAI,stress,R,s,I,E,ET,T,L,dsdt,dos,doy
60,0.3,0.75,0.977398369199915,0.0,0.5328413503941352,0.0,0.38336578309918157,0.3970042649910302,0.013638481891848641,0.0,-0.3970042649910302,1.0,60
61,0.3,0.75,0.9939591987959719,0.0,0.5307562439603587,0.0,0.3727891505883582,0.37641912159807983,0.003629971009721622,0.0,-0.37641912159807983,2.0,61
62,0.3,0.75,1.0,0.0,0.5287792527754949,0.0,0.36285243549482715,0.36285243549482715,0.0,0.0,-0.36285243549482715,3.0,62
63,0.3,0.75,1.0,0.0,0.5268735151941145,0.0,0.35335893449559974,0.35335893449559974,0.0,0.0,-0.35335893449559974,4.0,63
64,0.3,0.75,1.0,0.0,0.5250176384373099,0.0,0.34419480211873027,0.34419480211873027,0.0,0.0,-0.34419480211873027,5.0,64
65,0.3,0.75,1.0,0.0,0.5232098926278628,0.0,0.33534584131787926,0.33534584131787926,0.0,0.0,-0.33534584131787926,6.0,65
66,0.3,0.75,1.0,0.0,0.5214486224528739,0.0,0.32679858462700284,0.32679858462700284,0.0,0.0,-0.32679858462700284,7.0,66
67,0.3,0.75,1.0,0.0,0.5197322433319338,0.0,0.31854025071353653,0.31854025071353653,0.0,0.0,-0.31854025071353653,8.0,67
68,0.3,0.75,1.0,0.0,0.5180592378134804,0.0,0.3105587038679997,0.3105587038679997,0.0,0.0,-0.3105587038679997,9.0,68
69,0.3,0.75,1.0,13.230386315640313,0.5164281521839216,0.75,0.6593083069236696,0.9087950251957447,0.24948671827207514,0.0,11.571591290444568,10.0,69
70,0.3,0.75,0.6580239172586478,0.0,0.5772033165244917,0.0,0.6303815471472299,0.8569574664647902,0.22657591931756027,0.0,-0.8569574664647902,11.0,70
71,0.3,0.75,0.6875561257868564,0.0,0.5727024894947397,0.0,0.6035039426389507,0.808475892213701,0.20497194957475032,0.0,-0.808475892213701,12.0,71
72,0.3,0.75,0.7160118423714362,0.0,0.5684562925818526,0.0,0.5785073106939398,0.7630975150868321,0.18459020439289234,0.0,-0.7630975150868321,13.0,72
73,0.3,0.75,0.7433996866424354,0.06616238841527694,0.5644484274816066,0.06616238841527694,0.5552392552987068,0.7205917072104184,0.16535245191171163,0.0,-0.7205917072104184,14.0,73
74,0.3,0.75,0.7697338477581385,0.0,0.5606638071706276,0.0,0.533561502926332,0.6807477773453442,0.14718627441901225,0.0,-0.6807477773453442,15.0,74
75,0.3,0.75,0.7950329374347872,0.0,0.5570884511971751,0.0,0.5133484326635569,0.6433729984099972,0.1300245657464403,0.0,-0.6433729984099972,16.0,75
76,0.3,0.75,0.8193190331444105,0.0,0.5537093913315764,0.0,0.4944857757659919,0.6082908541575583,0.11380507839156645,0.0,-0.6082908541575583,17.0,76
77,0.3,0.75,0.8426168806969153,6.3855019173282646,0.5505145864252867,0.75,0.6479627770192349,0.8885042687680463,0.24054149174881143,0.0,4.746997648560218,18.0,77
78,0.3,0.75,0.6694754801186055,0.0,0.5754462967643635,0.0,0.6198427215161422,0.837984945985087,0.21814222446894485,0.0,-0.837984945985087,19.0,78
79,0.3,0.75,0.6985943012702318,0.0,0.5710451153253663,0.0,0.5937053510808792,0.7907219046426373,0.197016553561758,0.0,-0.7907219046426373,20.0,79
80,0.3,0.75,0.7266391952412768,0.0,0.5668921641455205,0.0,0.5693887466239802,0.7464711345224783,0.1770823878984981,0.0,-0.7464711345224783,21.0,80
81,0.3,0.75,0.7536210664347536,0.0,0.5629716224726082,0.0,0.5467461128923826,0.705009900760902,0.15826378786851938,0.0,-0.705009900760902,22.0,81
82,0.3,0.75,0.7795559242957757,0.0,0.5592688393803766,0.0,0.5256441919705623,0.6661346209963701,0.14049042902580772,0.0,-0.6661346209963701,23.0,82
83,0.3,0.75,0.8044638132671826,0.42601430873478247,0.5557702331776646,0.42601430873478247,0.50596186111606,0.6296589803688499,0.12369711925278998,0.0,-0.6296589803688499,24.0,83
84,0.3,0.75,0.8283679204418177,0.0,0.5524632007177441,0.0,0.4875888914262486,0.5954122548714204,0.1078233634451717,0.0,-0.5954122548714204,25.0,84
85,0.3,0.75,0.8512938322014232,0.0,0.5493360355135876,0.0,0.470424847096434,0.5632378175616541,0.09281297046522016,0.0,-0.5632378175616541,26.0,85
86,0.3,0.75,0.873268915879094,0.0,0.5463778536986629,0.0,0.45437810780294685,0.5329918055565285,0.07861369775358167,0.0,-0.5329918055565285,27.0,86
87,0.3,0.75,0.8943218064125152,49.337272223938776,0.5435785269888072,0.75,2.3575645860542944,3.557564586054294,1.2,0.0,45.029707637884485,28.0,87
88,0.30357142857142855,0.75,0.0,0.0,0.7800790923138308,0.0,2.185283533790988,3.3852835337909877,1.2,0.0,-3.3852835337909877,29.0,88
89,0.3214285714285714,0.75,0.005013069441652144,0.0,0.762299241821231,0.0,2.0254421399878195,3.140478500729728,1.1150363607419085,0.0,-3.140478500729728,30.0,89
90,0.33928571428571425,0.75,0.01870862390753838,0.0,0.7458051320484909,0.0,1.880822523897667,2.916687157730423,1.035864633832756,0.0,-2.916687157730423,31.0,90
91,0.3571428571428571,0.75,0.039225550150094435,0.0,0.7304863969763773,0.0,1.7497451646323696,2.7120798701189806,0.9623347054866108,0.0,-2.7120798701189806,32.0,91
92,0.37499999999999994,0.75,0.0650407497301795,0.0,0.7162422800114667,0.0,1.6307278863841101,2.5246908304391504,0.8939629440550402,0.0,-2.5246908304391504,33.0,92
93,0.3928571428571428,0.75,0.09490749660695857,2.485833237140108,0.7029823491793283,0.75,1.596637441364367,2.470713219201784,0.8740757778374174,0.0,-0.7348799820616763,34.0,93
94,0.41071428571428564,0.75,0.10465824024982368,0.0,0.699122685407996,0.0,1.4914326205289845,2.3032215104873655,0.8117888899583808,0.0,-2.3032215104873655,35.0,94
95,0.4285714285714285,0.75,0.13830683183977266,0.0,0.687025933777285,0.0,1.3955361767128516,2.1492606588438194,0.7537244821309681,0.0,-2.1492606588438194,36.0,95
96,0.4464285714285714,0.75,0.17392970136500827,0.0,0.67573780006487,0.0,1.3079866849221433,2.0075281252335193,0.6995414403113761,0.0,-2.0075281252335193,37.0,96
97,0.4642857142857142,0.75,0.21088646207428302,0.0,0.6651940599113326,0.0,1.2279363412617805,1.8768678288361769,0.6489314875743964,0.0,-1.8768678288361769,38.0,97
98,0.4821428571428571,0.75,0.24865556912965525,0.0,0.6553365608103023,0.0,1.1546358540963388,1.75625134598579,0.6016154918894511,0.0,-1.75625134598579,39.0,98
99,0.4999999999999999,0.75,0.28681358125273193,0.0,0.6461125516402089,0.0,1.087421566593077,1.6447618144660794,0.5573402478730024,0.0,-1.6447618144660794,40.0,99
100,0.5178571428571428,0.75,0.32501812963638593,0.0,0.6374740967322988,0.0,1.0257044486639975,1.5415801129790316,0.5158756643150342,0.0,-1.5415801129790316,41.0,100
101,0.5357142857142856,0.75,0.3629938987322696,0.0,0.6293775625254762,0.0,0.9689606602032341,1.4459729603255196,0.47701230012228546,0.0,-1.4459729603255196,42.0,101
102,0.5535714285714285,0.75,0.4005210613028423,0.9654929950916099,0.6217831667254472,0.75,0.9244470230604804,1.3704388198575415,0.4459917967970611,0.0,-1.1549458247659317,43.0,102
103,0.5714285714285714,0.75,0.43182102084588,0.0,0.6157172747886513,0.0,0.8756986404630708,1.287141559448597,0.4114429189855263,0.0,-1.287141559448597,44.0,103
104,0.5892857142857142,0.75,0.46809090127353997,26.261965704806904,0.6089570775226398,0.75,1.8561404325384498,2.878293203927967,1.0221527713895173,0.0,22.633672500878937,45.0,104
105,0.607142857142857,0.75,0.04354499205318331,3.0799937632517826,0.7278314078843989,0.75,1.8313691205417792,2.8396992169562667,1.0083300964144872,0.0,-0.5097054537044841,46.0,105
106,0.6249999999999999,0.75,0.0481286664888523,0.0,0.7251543834426737,0.0,1.704866412523177,2.6416074530480103,0.9367410405248335,0.0,-2.6416074530480103,47.0,106
107,0.6428571428571428,0.75,0.07555814640032248,0.0,0.711280394718682,0.0,1.5899293162683243,2.4600752109179975,0.8701458946496734,0.0,-2.4600752109179975,48.0,107
108,0.6607142857142856,0.75,0.1066418734476981,0.0,0.6983598316361295,0.0,1.48532258005717,2.2934497719105913,0.8081271918534213,0.0,-2.2934497719105913,49.0,108
109,0.6785714285714284,0.75,0.14043185987678772,0.0,0.6863144021618092,0.0,1.38996196343424,2.1402710938109237,0.7503091303766839,0.0,-2.1402710938109237,50.0,109
110,0.6964285714285713,0.75,0.17615318502206806,0.0,0.6750734825514577,0.0,1.3028934570302542,1.999246173277251,0.6963527162469969,0.0,-1.999246173277251,51.0,110
111,0.7142857142857142,0.75,0.21317339062027246,0.0,0.6645732400447495,0.0,1.2232756786353616,1.869227230850159,0.6459515522147974,0.0,-1.869227230850159,52.0,111
112,0.732142857142857,0.75,0.25097747305096857,0.0,0.6547558701348222,0.0,1.1503649123210826,1.7491930889682288,0.5988281766471463,0.0,-1.7491930889682288,53.0,112
113,0.7499999999999999,0.75,0.2891473942365013,0.0,0.645568931642342,0.0,1.083502354751713,1.6382332266349544,0.5547308718832413,0.0,-1.6382332266349544,54.0,113
114,0.7678571428571428,0.75,0.32734525277044146,0.0,0.636964765536066,0.0,1.0221032110047956,1.535534085577912,0.5134308745731164,0.0,-1.535534085577912,55.0,114
115,0.7857142857142856,0.75,0.3652994292650296,9.448980216728387,0.6288999856748374,0.75,1.299174810696432,1.993196764206115,0.694021953509683,0.0,6.705783452522272,56.0,115
116,0.8035714285714284,0.75,0.21485287965309421,0.0,0.6641194365809417,0.0,1.2198725928019256,1.8636458883904459,0.6437732955885203,0.0,-1.8636458883904459,57.0,116
117,0.8214285714285712,0.75,0.25268163105601227,17.834698377879963,0.6543313804444373,0.75,1.8657479591996267,2.893245267128219,1.0274973079285923,0.0,14.191453110751745,58.0,117
118,0.8392857142857142,0.75,0.041834446362654994,0.0,0.7288663232530074,0.0,1.7360681637241613,2.6906265153385966,0.9545583516144353,0.0,-2.6906265153385966,59.0,118
119,0.857142857142857,0.75,0.06815257114615779,0.0,0.7147348814707668,0.0,1.6182970451860612,2.5050244762457416,0.8867274310596805,0.0,-2.5050244762457416,60.0,119
120,0.875,0.75,0.09839955827594482,0.0,0.701578240314014,0.0,1.5111569448855513,2.334732498392818,0.8235755535072667,0.0,-2.334732498392818,61.0,120
121,0.8928571428571428,0.75,0.13157743530325416,11.37584288244523,0.689315989797245,0.75,1.8749274003519556,2.9075225433731484,1.032595143021193,0.0,7.718320339072082,62.0,121
122,0.9107142857142856,0.75,0.04023492547041469,0.0,0.7298533865360689,0.0,1.7443969002469106,2.703693155620041,0.9592962553731306,0.0,-2.703693155620041,63.0,122
123,0.9285714285714284,0.75,0.06624792890070273,10.39912369565559,0.7156533174414258,0.75,2.0613365506310384,3.19572769356809,1.1343911429370517,0.0,6.4533960020875,64.0,123
124,0.9464285714285714,0.75,0.014837964540649387,0.0,0.7495472040070114,0.0,1.9133189923958074,2.9671455716294615,1.0538265792336543,0.0,-2.9671455716294615,65.0,124
125,0.9642857142857142,0.75,0.033909813757029644,0.0,0.7339634562568567,0.0,1.7792197371282636,2.7582443271611754,0.9790245900329118,0.0,-2.7582443271611754,66.0,125
126,0.982142857142857,0.75,0.058608770986848434,0.0,0.7194768789083211,0.0,1.657508953707342,2.5669979724672833,0.9094890187599413,0.0,-2.5669979724672833,67.0,126
127,0.9999999999999998,0.75,0.0876284402559913,1.7854771907160618,0.7059947466999845,0.75,1.5911804066128334,2.4620596577656007,0.8708792511527672,0.0,-1.4265824670495388,68.0,127
128,1.0178571428571428,0.75,0.10627028405549026,0.0,0.6985021917259848,0.0,1.486462171684052,2.295272691968779,0.808810520284727,0.0,-2.295272691968779,69.0,128
129,1.0357142857142856,0.75,0.1400340578552111,2.493458061024385,0.686447188091695,0.75,1.4633197142947554,2.2582189413623968,0.7948992270676413,0.0,-0.5147608803380117,70.0,129
130,1.0535714285714284,0.75,0.14824467557123785,0.0,0.6837436120394996,0.0,1.369884210935886,2.107853548725484,0.7379693377895981,0.0,-2.107853548725484,71.0,130
131,1.0714285714285712,0.75,0.18430552150330884,0.0,0.672672952644933,0.0,1.2845442477193554,1.9693744204150336,0.6848301726956781,0.0,-1.9693744204150336,72.0,131
132,1.0892857142857142,0.75,0.22154117009778965,0.0,0.6623295995965347,0.0,1.2064814049196857,1.8416634829830523,0.6351820780633665,0.0,-1.8416634829830523,73.0,132
133,1.107142857142857,0.75,0.25945984550891665,0.0,0.6526569972699431,0.0,1.1349719113516392,1.723725498247366,0.5887535868957267,0.0,-1.723725498247366,74.0,133
134,1.1249999999999998,0.75,0.2976626992149849,4.282947750016592,0.6436038171320893,0.75,1.2052091930118485,1.8395734249101605,0.6343642318983119,0.0,1.6933743251064315,75.0,134
135,1.1428571428571428,0.75,0.26010983351316536,0.0,0.6524975898479843,0.0,1.1338056540201666,1.7217940852904912,0.5879884312703246,0.0,-1.7217940852904912,76.0,135
136,1.1607142857142856,0.75,0.29831454254654854,0.0,0.6434545536857443,0.0,1.068303742119141,1.6128855998107137,0.5445818576915726,0.0,-1.6128855998107137,77.0,136
137,1.1785714285714284,0.75,0.33647649070334246,1.0093514627774698,0.6349835158716124,0.75,1.0177314714050034,1.5281906197596036,0.5104591483546,0.0,-1.2688391569821338,78.0,137
138,1.1964285714285712,0.75,0.3681118538484495,0.0,0.6283194446689752,0.0,0.9616247871728104,1.433558121583891,0.4719333344110806,0.0,-1.433558121583891,79.0,138
139,1.2,0.75,0.40556389738102977,0.0,0.6207902528539337,0.0,0.9099653921524492,1.3457586058513311,0.43579321369888185,0.0,-1.3457586058513311,80.0,139
140,1.2,0.75,0.4423729458816908,0.0,0.6137221929492523,0.0,0.8623429169818829,1.264209443138294,0.4018665261564111,0.0,-1.264209443138294,81.0,140
141,1.2,0.75,0.4784077348978272,0.0,0.6070824374705849,0.0,0.8183902845342219,1.1883859843930291,0.36999569985880726,0.0,-1.1883859843930291,82.0,141
142,1.2,0.75,0.5135676470001468,0.0,0.6008409144433106,0.0,0.777778577688917,1.1178149670168076,0.34003638932789054,0.0,-1.1178149670168076,83.0,142
143,1.2,0.75,0.5477773922710558,0.0,0.5949700375157013,0.0,0.7402125821923584,1.0520687622677247,0.3118561800753662,0.0,-1.0520687622677247,84.0,143
144,1.2,0.75,0.5809825828686852,0.0,0.5894444662853036,0.0,0.7054269070610264,0.9907603452304834,0.28533343816945694,0.0,-0.9907603452304834,85.0,144
145,1.2,0.75,0.613146047302209,0.0,0.5842408930435469,0.0,0.6731826003244544,0.9335388869334793,0.2603562866090248,0.0,-0.9335388869334793,86.0,145
146,1.2,0.75,0.6442447579309835,0.0,0.5793378526709971,0.0,0.6432641906430673,0.8800858834638534,0.2368216928207861,0.0,-0.8800858834638534,87.0,146
147,1.2,0.7589285714285714,0.6742672677822314,0.0,0.5747155528628887,0.0,0.6127355544009138,0.8299253825920871,0.21718982819117338,0.0,-0.8299253825920871,88.0,147
148,1.2,0.8035714285714285,0.7032050046232534,0.0,0.5703567010635605,0.0,0.5740665346295154,0.7816152829563978,0.20754874832688247,0.0,-0.7816152829563978,89.0,148
149,1.2,0.8482142857142856,0.7310142011906612,0.0,0.5662515787791257,0.0,0.5385608985344762,0.735355183335444,0.1967942848009678,0.0,-0.735355183335444,90.0,149
150,1.2,0.8928571428571428,0.7576698379984265,3.5989942703060276,0.5623894192027841,0.8928571428571428,0.5835622720174198,0.8498612679255524,0.2662989959081325,0.0,1.8562758595233324,91.0,150
151,1.2,0.9374999999999999,0.6913006735883592,15.00108776484425,0.5721387672044822,0.9374999999999999,0.9893835359241981,1.685396425858368,0.6960128899341699,0.0,12.378191338985882,92.0,151
152,1.2,0.982142857142857,0.32649669680581844,0.0,0.6371502763378114,0.0,0.9112600566091147,1.584776079303929,0.6735160226948141,0.0,-1.584776079303929,93.0,152
153,1.2,1.0267857142857142,0.3656530313600674,0.0,0.6288268725599546,0.0,0.8404023498037272,1.4898360837691431,0.6494337339654158,0.0,-1.4898360837691431,94.0,153
154,1.2,1.0714285714285712,0.40448529892594426,0.0,0.6210021032124277,0.0,0.7760943303155093,1.4001087523435842,0.624014422028075,0.0,-1.4001087523435842,95.0,154
155,1.2,1.1160714285714284,0.4427646611781584,0.0,0.613648590857682,0.0,0.7176968605216564,1.3151867952193843,0.597489934697728,0.0,-1.3151867952193843,96.0,155
156,1.2,1.1607142857142856,0.4802983584727965,0.0,0.6067410971853112,0.0,0.6646382339151351,1.234714955863161,0.5700767219480258,0.0,-1.234714955863161,97.0,156
157,1.2,1.2053571428571428,0.5169250521892211,0.0,0.6002562497280467,0.0,0.6164060394409905,1.1583828230573505,0.54197678361636,0.0,-1.1583828230573505,98.0,157
158,1.2,1.2499999999999998,0.552510907757545,26.88803436284909,0.5941723063296362,1.2499999999999998,1.3517854866231482,2.9423922718337288,1.5906067852105807,0.0,22.695642091015362,99.0,158
159,1.2,1.294642857142857,0.07102841752416474,0.0,0.7133721072278262,0.0,1.2239719702670067,2.743340858726137,1.5193688884591308,0.0,-2.743340858726137,100.0,159
160,1.2,1.339285714285714,0.10506983996133883,0.0,0.6989638043983821,0.0,1.1098670402013655,2.5581282207589258,1.4482611805575605,0.0,-2.5581282207589258,101.0,160
161,1.2,1.3839285714285712,0.1427985635455168,0.0,0.6855282570204466,0.0,1.0079087427735711,2.3854447335260973,1.3775359907525264,0.0,-2.3854447335260973,102.0,161
162,1.2,1.4285714285714284,0.1831851616591759,0.0,0.6729996607309188,0.0,0.9167289158624972,2.2241543854023256,1.3074254695398282,0.0,-2.2241543854023256,103.0,162
163,1.2,1.4732142857142856,0.225365999436616,0.0,0.6613181776143099,0.0,0.8351259989584167,2.0732688164647666,1.23814281750635,0.0,-2.0732688164647666,104.0,163
164,1.2,1.5178571428571423,0.2686176382629646,0.0,0.6504291607211126,0.0,0.7620422183484905,1.931925493925012,1.1698832755765214,0.0,-1.931925493925012,105.0,164
165,1.2,1.5624999999999998,0.3123357072533386,0.0,0.6402824932110022,0.0,0.6965443555120177,1.7993692876220388,1.1028249321100212,0.0,-1.7993692876220388,106.0,165
166,1.2,1.607142857142857,0.35601735976564275,0.0,0.6308320242634075,0.0,0.6378074634237112,1.6749368558473303,1.0371293924236191,0.0,-1.6749368558473303,107.0,166
167,1.2,1.651785714285714,0.39924661984931037,0.0,0.6220350869953017,0.0,0.5851010187225809,1.5580433669586276,0.9729423482360465,0.0,-1.5580433669586276,108.0,167
168,1.2,1.696428571428571,0.4416820685952243,0.0,0.6138520861184182,0.0,0.5377770952497748,1.4481711731068865,0.9103940778571116,0.0,-1.4481711731068865,109.0,168
169,1.2,1.7410714285714282,0.4830464335752134,0.0,0.606246145083193,0.0,0.4952602220491523,1.3448601244047305,0.8495999023555781,0.0,-1.3448601244047305,110.0,169
170,1.2,1.7857142857142856,0.5231177333668368,0.0,0.5991828040936723,0.0,0.4570386509370452,1.2476992691504427,0.7906606182133974,0.0,-1.2476992691504427,111.0,170
171,1.2,1.8303571428571423,0.5617216991275543,8.422119347670396,0.5926297617136805,1.8303571428571423,0.5559776172966653,1.6951961380635008,1.1392185207668355,0.0,4.896566066749752,112.0,171
172,1.2,1.8749999999999998,0.4181069726671457,0.0,0.6183470204676184,0.0,0.509048088473018,1.5692123340844377,1.0601642456114198,0.0,-1.5692123340844377,113.0,172
173,1.2,1.919642857142857,0.46182702438132206,0.0,0.6101053590491077,0.0,0.4671084845588631,1.4512600385907568,0.9841515540318938,0.0,-1.4512600385907568,114.0,173
174,1.2,1.964285714285714,0.5041954570271469,0.0,0.6024831949808789,0.0,0.42960216087829317,1.3408194692093414,0.9112173083310482,0.0,-1.3408194692093414,115.0,174
175,1.2,2.008928571428571,0.5449919433216337,0.0,0.5954410759199055,0.0,0.3960362985412287,1.2374215603685843,0.8413852618273555,0.0,-1.2374215603685843,116.0,175
176,1.2,2.053571428571428,0.5840504697151042,0.0,0.5889420131028436,0.0,0.3659742199964596,1.1406406779195457,0.774666457923086,0.0,-1.1406406779195457,117.0,176
177,1.2,2.0982142857142856,0.6212513375961161,0.0,0.5829512532398208,0.0,0.3390287126978304,1.0500883990611376,0.7110596863633072,0.0,-1.0500883990611376,118.0,177
178,1.2,2.1428571428571423,0.6565142470290534,0.0,0.5774360830766846,0.0,0.31485621062023983,0.9654082071004851,0.6505519964802453,0.0,-0.9654082071004851,119.0,178
179,1.2,2.1875,0.6897922942571344,0.0,0.5723656618209048,0.0,0.29315170899815557,0.8862709744908217,0.5931192654926661,0.0,-0.8862709744908217,120.0,179
180,1.2,2.2321428571428568,0.7210667459288013,0.0,0.567710877291016,0.0,0.2736443085178231,0.8123711269609082,0.5387268184430851,0.0,-0.8123711269609082,121.0,180
181,1.2,2.276785714285714,0.7503424782908024,0.0,0.5634442222124398,0.0,0.25609330220343807,0.7434233972989894,0.4873300950955514,0.0,-0.7434233972989894,122.0,181
182,1.2,2.321428571428571,0.7776439897588058,0.0,0.5595396875627603,0.0,0.24028473213593035,0.6791600902112256,0.43887535807529526,0.0,-0.6791600902112256,123.0,182
183,1.2,2.3660714285714284,0.8030119113675254,0.0,0.5559726702822392,0.0,0.22602835452214984,0.6193287902246284,0.3933004357024785,0.0,-0.6193287902246284,124.0,183
184,1.2,2.4107142857142856,0.826499952442127,0.0,0.552719893022656,0.0,0.21315496096852757,0.5636904533180769,0.35053549234954934,0.0,-0.5636904533180769,125.0,184
185,1.2,2.4553571428571423,0.8481722290780631,0.0,0.5497593339190947,0.0,0.2015140114923674,0.512017830220998,0.3105038187286306,0.0,-0.512017830220998,126.0,185
186,1.2,2.4999999999999996,0.8681009311930838,0.0,0.547070164642724,0.0,0.19097154113927084,0.46409417542285364,0.2731226342835828,0.0,-0.46409417542285364,127.0,186
187,1.2,2.5446428571428568,0.8863642904450498,0.0,0.5446326952339905,0.0,0.18140830732231897,0.41971220113302077,0.23830389381070183,0.0,-0.41971220113302077,128.0,187
188,1.2,2.589285714285714,0.9030448165323228,0.0,0.5424283244297204,0.0,0.1727181493658892,0.3786732399155418,0.20595509054965258,0.0,-0.3786732399155418,129.0,188
189,1.2,2.633928571428571,0.9182277735841051,0.0,0.5404394943881472,0.0,0.16480653539413526,0.3407865836514733,0.17598004825733807,0.0,-0.3407865836514733,130.0,189
190,1.2,2.678571428571428,0.9319998717273471,1.8344797053173483,0.538649648885776,1.8344797053173483,0.15758927478894058,0.3058689699736723,0.1482796951847317,0.0,-0.3058689699736723,131.0,190
191,1.2,2.7232142857142856,0.9444481516628683,0.0,0.5370431942115446,0.0,0.15099137706573856,0.2737441904669433,0.12275281340120474,0.0,-0.2737441904669433,132.0,191
192,1.2,2.7678571428571423,0.9556590423389889,0.0,0.535605462118756,0.0,0.1449460402669663,0.2442427977992156,0.0992967575322493,0.0,-0.2442427977992156,133.0,192
193,1.2,2.8124999999999996,0.9657175736902532,0.0,0.5343226743151888,0.0,0.1393937539226498,0.21720189159604703,0.07780813767339721,0.0,-0.21720189159604703,134.0,193
194,1.2,2.8571428571428568,0.9747067280017346,0.0,0.5331819080778145,0.0,0.13428150333111466,0.19246496532543672,0.058183461994322054,0.0,-0.19246496532543672,135.0,194
195,1.2,2.901785714285714,0.9827069148364425,7.740695416440942,0.5321710626716936,2.901785714285714,0.17600119843291717,0.6883034227200848,0.5123022242871677,0.0,4.150606279435142,136.0,195
196,1.1972222222222224,2.946428571428571,0.8174296081851886,0.0,0.5539704653998193,0.0,0.16537738881183023,0.6173918792084223,0.45201449039659214,0.0,-0.6173918792084223,137.0,196
197,1.1833333333333333,2.991071428571428,0.8410514196033032,0.0,0.550727860992212,0.0,0.15589087362280826,0.552681355473724,0.39679048185091575,0.0,-0.552681355473724,138.0,197
198,1.1694444444444445,3.0,0.862482777788824,13.954046896874678,0.5478251227806904,3.0,0.2620249913594922,1.7088771198621595,1.4468521285026674,0.0,9.245169777012517,139.0,198
199,1.1555555555555557,3.0,0.5394509594570833,0.0,0.5963816867355881,0.0,0.24322593445985793,1.5177543197831491,1.2745283853232912,0.0,-1.5177543197831491,140.0,199
200,1.1416666666666668,3.0,0.5873058839248619,0.0,0.5884102879972313,0.0,0.22692511868266144,1.3484026482295015,1.12147752954684,0.0,-1.3484026482295015,141.0,200
201,1.1277777777777778,3.0,0.6315268474321383,0.0,0.5813283413153536,0.0,0.21276277518790454,1.1982669284426932,0.9855041532547886,0.0,-1.1982669284426932,142.0,201
202,1.113888888888889,3.0,0.6721709274310038,26.539481324493824,0.5750349225735327,3.0,0.483011136068528,3.7214108586730106,3.2383997226044827,0.0,19.818070465820814,143.0,202
203,1.1,3.0,0.16282378345794699,4.411774839351437,0.679121427120911,3.0,0.4518184618421405,3.457313711909993,3.0054952500678525,0.0,-2.045538872558556,144.0,203
204,1.0861111111111112,3.0,0.19935135308634944,0.0,0.6683780506894059,0.0,0.4064428284428346,3.0633014016794275,2.656858573236593,0.0,-3.0633014016794275,145.0,204
205,1.0722222222222224,3.0,0.2609604365080104,11.920336622125015,0.6522892828234426,3.0,0.48424178889054603,3.731725762508207,3.247483973617661,0.0,5.188610859616809,146.0,205
206,1.0583333333333333,3.0,0.16147413096340213,15.559159724277734,0.6795403902794132,3.0,0.6097627123066234,4.747408093833817,4.137645381527194,0.0,7.811751630443917,147.0,206
207,1.0444444444444445,3.0,0.056513655674258485,0.0,0.7205684975821648,0.0,0.5410592599348044,4.1999744135123676,3.6589151535775635,0.0,-4.1999744135123676,148.0,207
208,1.0305555555555557,3.0,0.10625042113932995,0.0,0.6985098084355662,0.0,0.48260340895443077,3.7179917309173014,3.2353883219628705,0.0,-3.7179917309173014,149.0,208
209,1.0166666666666668,3.0,0.16327243255497123,0.0,0.6789825409412527,0.0,0.4327483042369561,3.2932130903090067,2.8604647860720505,0.0,-3.2932130903090067,150.0,209
210,1.0027777777777778,3.0,0.22397028100819139,11.592060825621104,0.6616862537022348,3.0,0.5043442068875754,3.899146579713787,3.3948023728262116,0.0,4.692914245907317,151.0,210
211,0.9888888888888889,3.0,0.1403733749907051,0.0,0.68633391255679,0.0,0.4513041707504103,3.4529152918407773,3.001611121090367,0.0,-3.4529152918407773,152.0,211
212,0.9750000000000001,3.0,0.19999194263060807,0.0,0.6681988532509036,0.0,0.4060030530168396,3.059421035434187,2.6534179824173476,0.0,-3.059421035434187,153.0,212
213,0.9611111111111111,3.0,0.261609885816612,0.0,0.6521304654597576,0.0,0.36722129414714944,2.712126230974495,2.3449049368273456,0.0,-2.712126230974495,154.0,213
214,0.9472222222222223,3.0,0.3231417464196808,0.0,0.6378861050029588,0.0,0.3339442319394012,2.4053574479962103,2.071413216056809,0.0,-2.4053574479962103,155.0,214
215,0.9333333333333333,3.0,0.38314651489794965,10.88633668255325,0.6252529251290292,3.0,0.40226424735369587,3.026381251769199,2.624117004415503,0.0,4.8599554307840505,156.0,215
216,0.9194444444444445,3.0,0.2671736133775625,0.0,0.6507779011310463,0.0,0.36401641841280685,2.682952120128895,2.318935701716088,0.0,-2.682952120128895,157.0,216
217,0.9055555555555557,3.0,0.32861892842012375,0.0,0.6366867660463357,0.0,0.3311907704099672,2.3795766784996117,2.0483859080896445,0.0,-2.3795766784996117,158.0,217
218,0.8916666666666667,3.0,0.3884331365190034,0.0,0.6241889893735436,0.0,0.30295499883858795,2.1113835948106248,1.8084285959720368,0.0,-2.1113835948106248,159.0,218
219,0.8777777777777778,3.0,0.4456908825248875,5.802361638214627,0.6130997898209668,3.0,0.31106748811484813,2.1891745422452717,1.8781070541304237,0.0,0.6131870959693555,160.0,219
220,0.8638888888888889,3.0,0.42865665321370305,0.0,0.6163203102829907,0.0,0.28561268443276594,1.9429626418661874,1.6573499574334214,0.0,-1.9429626418661874,161.0,220
221,0.8500000000000001,3.0,0.48377213814568226,0.0,0.6061156745589036,0.0,0.2636356089407387,1.7250565604716868,1.4614209515309482,0.0,-1.7250565604716868,162.0,221
222,0.8361111111111111,3.0,0.53549902051308,0.0,0.5970555035480228,0.0,0.24462102953240294,1.532086697654441,1.287465668122038,0.0,-1.532086697654441,163.0,222
223,0.8222222222222222,3.0,0.5836420340244273,0.0,0.5890088297158041,0.0,0.2281359541028511,1.3611054846462902,1.132969530543439,0.0,-1.3611054846462902,164.0,223
224,0.8083333333333333,3.0,0.6281502981888244,0.0,0.5818601664561073,0.0,0.21381571288389364,1.2095309088411528,0.9957151959572591,0.0,-1.2095309088411528,165.0,224
225,0.7944444444444445,3.0,0.6690743440456274,0.0,0.5755075881533701,0.0,0.2013524980722303,1.075098190616936,0.8737456925447056,0.0,-1.075098190616936,166.0,225
226,0.7805555555555557,3.0,0.7065339584823294,0.0,0.5698610640429871,0.0,0.1904859118539876,0.9558183414793391,0.7653324296253515,0.0,-0.9558183414793391,167.0,226
227,0.7666666666666667,3.0,0.7406942575144595,0.0,0.5648410097284947,0.0,0.18099515897047946,0.8499425457575774,0.668947386787098,0.0,-0.8499425457575774,168.0,227
228,0.7527777777777778,3.0,0.7717480129563212,0.0,0.560377025769684,0.0,0.1726925881418908,0.7559314829198223,0.5832388947779314,0.0,-0.7559314829198223,169.0,228
229,0.7388888888888889,3.0,0.799902724032849,0.0,0.5564067973930042,0.0,0.16541834149914428,0.6724288514448253,0.5070105099456811,0.0,-0.6724288514448253,170.0,229
230,0.7250000000000001,3.0,0.8253712814864846,0.0,0.5528751332572647,0.0,0.15903591542375753,0.5982384739632387,0.4392025585394812,0.0,-0.5982384739632387,171.0,230
231,0.7111111111111111,3.0,0.8483653434951697,0.0,0.549733124465441,0.0,0.15342847201537055,0.5323044617518369,0.3788759897364663,0.0,-0.5323044617518369,172.0,231
232,0.6972222222222222,3.0,0.8690907504666319,0.0,0.5469374077545595,0.0,0.14849576948701432,0.4736939983745554,0.3251982288875411,0.0,-0.4736939983745554,173.0,232
233,0.6833333333333333,3.0,0.8877444647779962,13.985696423277172,0.5444495191076343,3.0,0.2552492542617855,1.6404813411227002,1.3852320868609147,0.0,9.345215082154471,174.0,233
234,0.6694444444444445,3.0,0.5563278383399197,0.0,0.5935315310937397,0.0,0.23735437511386073,1.457159772113662,1.2198053969998013,0.0,-1.457159772113662,175.0,234
235,0.6555555555555556,3.0,0.6029312472238123,0.0,0.5858783810301175,0.0,0.22182695894933357,1.2946918747275884,1.0728649157782548,0.0,-1.2946918747275884,176.0,235
236,0.6416666666666667,3.0,0.6459110017682653,0.0,0.5790785287468844,0.0,0.2083276869897364,1.1506354389299158,0.9423077519401794,0.0,-1.1506354389299158,177.0,236
237,0.6277777777777778,3.0,0.6853503557186075,0.0,0.5730352753911601,0.0,0.19656987773321444,1.022847165243487,0.8262772875102726,0.0,-1.022847165243487,178.0,237
238,0.6138888888888889,3.0,0.721390809279502,0.0,0.5676631789350494,0.0,0.1863107714671337,0.9094438070200809,0.7231330355529472,0.0,-0.9094438070200809,179.0,238
239,0.6,3.0,0.7542110415164587,0.0,0.5628866883519607,0.0,0.17734432663999142,0.8087687429976355,0.631424416357644,0.0,-0.8087687429976355,180.0,239
