,kc,LAI,stress,R,s,I,E,ET,T,L,dsdt,dos,doy
60,0.3,0.75,1.0,0.0,0.47560516113213797,0.0,0.1326122338982626,0.1326122338982626,0.0,0.0,-0.1326122338982626,1.0,60
61,0.3,0.75,1.0,0.0,0.47490866830704204,0.0,0.13012846354492882,0.13012846354492882,0.0,0.0,-0.13012846354492882,2.0,61
62,0.3,0.75,1.0,0.0,0.47422522049430604,0.0,0.12770647736610982,0.12770647736610982,0.0,0.0,-0.12770647736610982,3.0,62
63,0.3,0.75,1.0,0.0,0.47355449319721515,0.0,0.12534436262275686,0.12534436262275686,0.0,0.0,-0.12534436262275686,4.0,63
64,0.3,0.75,1.0,0.0,0.47289617196495276,0.0,0.12304027730384118,0.12304027730384118,0.0,0.0,-0.12304027730384118,5.0,64
65,0.3,0.75,1.0,0.0,0.47224995202113007,0.0,0.12079244708992215,0.12079244708992215,0.0,0.0,-0.12079244708992215,6.0,65
66,0.3,0.75,1.0,0.0,0.4716155379082628,0.0,0.11859916246495059,0.11859916246495059,0.0,0.0,-0.11859916246495059,7.0,66
67,0.3,0.75,1.0,0.0,0.4709926431474175,0.0,0.1164587759682102,0.1164587759682102,0.0,0.0,-0.1164587759682102,8.0,67
68,0.3,0.75,1.0,0.0,0.4703809899122904,0.0,0.114369699578784,0.114369699578784,0.0,0.0,-0.114369699578784,9.0,68
69,0.3,0.75,1.0,0.0,0.46978030871702364,0.0,0.1123304022253936,0.1123304022253936,0.0,0.0,-0.1123304022253936,10.0,69
70,0.3,0.75,1.0,0.0,0.46919033811710037,0.0,0.11033940741488407,0.11033940741488407,0.0,0.0,-0.11033940741488407,11.0,70
71,0.3,0.75,1.0,0.0,0.46861082442269447,0.0,0.10839529097302492,0.10839529097302492,0.0,0.0,-0.10839529097302492,12.0,71
72,0.3,0.75,1.0,0.0,0.46804152142388655,0.0,0.10649667889167454,0.10649667889167454,0.0,0.0,-0.10649667889167454,13.0,72
73,0.3,0.75,1.0,0.0,0.46748219012718656,0.0,0.10464224527670128,0.10464224527670128,0.0,0.0,-0.10464224527670128,14.0,73
74,0.3,0.75,1.0,0.0,0.46693259850283414,0.0,0.10283071039138143,0.10283071039138143,0.0,0.0,-0.10283071039138143,15.0,74
75,0.3,0.75,1.0,0.0,0.4663925212423752,0.0,0.10106083879030155,0.10106083879030155,0.0,0.0,-0.10106083879030155,16.0,75
76,0.3,0.75,1.0,0.0,0.46586173952603954,0.0,0.09933143753907858,0.09933143753907858,0.0,0.0,-0.09933143753907858,17.0,76
77,0.3,0.75,1.0,0.0,0.4653400407994687,0.0,0.09764135451547788,0.09764135451547788,0.0,0.0,-0.09764135451547788,18.0,77
78,0.3,0.75,1.0,0.0,0.46482721855936643,0.0,0.09598947678776347,0.09598947678776347,0.0,0.0,-0.09598947678776347,19.0,78
79,0.3,0.75,1.0,0.0,0.464323072147666,0.0,0.09437472906634829,0.09437472906634829,0.0,0.0,-0.09437472906634829,20.0,79
80,0.3,0.75,1.0,0.0,0.46382740655383015,0.0,0.0927960722250358,0.0927960722250358,0.0,0.0,-0.0927960722250358,21.0,80
81,0.3,0.75,1.0,0.0,0.46334003222491715,0.0,0.09125250188834963,0.09125250188834963,0.0,0.0,-0.09125250188834963,22.0,81
82,0.3,0.75,1.0,0.0,0.4628607648830666,0.0,0.0897430470816443,0.0897430470816443,0.0,0.0,-0.0897430470816443,23.0,82
83,0.3,0.75,1.0,15.371437583896562,0.46238942535007477,0.75,0.41613161363768303,0.46020852550030833,0.04407691186262532,0.0,14.161229058396254,24.0,83
84,0.3,0.75,0.9466073525367624,0.0,0.5367656283878702,0.0,0.4035370983818247,0.4360121146436017,0.03247501626177698,0.0,-0.4360121146436017,25.0,84
85,0.3,0.75,0.9645153125608269,0.0,0.5344756487941539,0.0,0.3917243837058597,0.4132074979177982,0.021483114211938492,0.0,-0.4132074979177982,26.0,85
86,0.3,0.75,0.9816415101800261,3.9071490564634135,0.5323054413471067,0.75,0.4679776872434514,0.5586357987296493,0.09065811148619786,0.0,2.598513257733764,27.0,86
87,0.3,0.75,0.8764472597538264,0.0,0.5459530950116748,0.0,0.4520892718040501,0.5286641278600889,0.07657485605603877,0.0,-0.5286641278600889,28.0,87
88,0.30357142857142855,0.75,0.8973659398549543,1.187118148094498,0.5431764977014852,0.75,0.449503060400415,0.523770034613624,0.07426697421320902,0.0,-0.08665188651912614,29.0,88
89,0.3214285714285714,0.75,0.9008181954979186,0.0,0.5427213932554814,0.0,0.4348018180526066,0.4958645056789172,0.06106268762631064,0.0,-0.4958645056789172,30.0,89
90,0.33928571428571425,0.75,0.9207011764292683,0.0,0.5401170628685124,0.0,0.4210347986242395,0.46959670039309864,0.04856190176885917,0.0,-0.46959670039309864,31.0,90
91,0.3571428571428571,0.75,0.9397309806616208,0.0,0.5376506936437587,0.0,0.4081339041656237,0.44485723365566543,0.036723329490041756,0.0,-0.44485723365566543,32.0,91
92,0.37499999999999994,0.75,0.9579377927659312,6.677907109945918,0.5353142585930462,0.75,0.5668094754092815,0.7417609530410942,0.17495147763181276,0.0,5.186146156904824,33.0,92
93,0.3928571428571428,0.75,0.7565351925421342,0.0,0.562552421181832,0.0,0.5443432382638471,0.7005948599366407,0.15625162167279355,0.0,-0.7005948599366407,34.0,93
94,0.41071428571428564,0.75,0.7823556309700113,0.0,0.5588728263292236,0.0,0.5234037707131921,0.6619933370934654,0.13858956638027334,0.0,-0.6619933370934654,35.0,94
95,0.4285714285714285,0.75,0.8071515205993586,0.0,0.5553959705671782,0.0,0.5038712108627902,0.6257718695852452,0.12190065872245501,0.0,-0.6257718695852452,36.0,95
96,0.4464285714285714,0.75,0.8309463474287792,0.0,0.5521093536050707,0.0,0.48563646257899323,0.5917613598833327,0.10612489730433942,0.0,-0.5917613598833327,37.0,96
97,0.4642857142857142,0.75,0.8537659227412295,0.0,0.5490013632695491,0.0,0.4686001091508156,0.559806652844651,0.0912065436938354,0.0,-0.559806652844651,38.0,97
98,0.4821428571428571,0.75,0.8756377772759492,0.0,0.5460612022777179,0.0,0.4526714483001427,0.5297652192331886,0.07709377093304592,0.0,-0.5297652192331886,39.0,98
99,0.4999999999999999,0.75,0.8965906583904657,0.0,0.5432788219246024,0.0,0.43776763367536986,0.5015059789134614,0.06373834523809148,0.0,-0.5015059789134614,40.0,99
100,0.5178571428571428,0.75,0.9166541137648623,0.0,0.5406448619513174,0.0,0.4238129099460735,0.4749082473123971,0.05109533736632361,0.0,-0.4749082473123971,41.0,100
101,0.5357142857142856,0.75,0.9358581478563327,29.56741994693592,0.5381505959465255,0.75,1.414996462072439,2.180608901109944,0.765612439037505,0.0,26.636811045825976,42.0,101
102,0.5535714285714285,0.75,0.16630144803302147,0.0,0.6780498136241829,0.0,1.3257641167634109,2.036403222159489,0.7106391053960779,0.0,-2.036403222159489,43.0,102
103,0.5714285714285714,0.75,0.203024432324001,0.0,0.6673544185498159,0.0,1.244200709309599,1.9035019183487152,0.6593012090391163,0.0,-1.9035019183487152,44.0,103
104,0.5892857142857142,0.75,0.24066075168852277,0.0,0.6573570345248752,0.0,1.1695373521366508,1.7808511178560513,0.6113137657194005,0.0,-1.7808511178560513,45.0,104
105,0.607142857142857,0.75,0.27876784397360677,0.0,0.6480038248722698,0.0,1.101093336501478,1.667511695888373,0.566418359386895,0.0,-1.667511695888373,46.0,105
106,0.6249999999999999,0.75,0.31698753291111226,0.0,0.6392458852930242,0.0,1.0382647576736403,1.5626450070801563,0.5243802494065158,0.0,-1.5626450070801563,47.0,106
107,0.6428571428571428,0.75,0.3550314254361332,0.0,0.6310387161381914,0.0,0.9805147694931443,1.465500606956463,0.4849858374633186,0.0,-1.465500606956463,48.0,107
108,0.6607142857142856,0.75,0.392668870724808,16.33593824311094,0.6233417591688822,0.75,1.5404115531276656,2.3813748099898366,0.840963256862171,0.0,13.204563433121105,49.0,108
109,0.6785714285714284,0.75,0.12195891677287497,0.0,0.6926934578722495,0.0,1.4402006881317084,2.2211292859185057,0.7809285977867972,0.0,-2.2211292859185057,50.0,109
110,0.6964285714285713,0.75,0.15672774280752486,0.0,0.6810278628831816,0.0,1.3487803714276945,2.0737141132669663,0.7249337418392716,0.0,-2.0737141132669663,51.0,110
111,0.7142857142857142,0.75,0.1931197926407637,0.0,0.6701365072462753,0.0,1.2652506164558759,1.9379058512379972,0.6726552347821212,0.0,-1.9379058512379972,52.0,111
112,0.732142857142857,0.75,0.23055965531009975,0.0,0.6599584302964959,0.0,1.1888168554876002,1.8126173209107805,0.6238004654231802,0.0,-1.8126173209107805,53.0,112
113,0.7499999999999999,0.75,0.26857940846794653,0.0,0.6504383813421326,0.0,1.1187760469683246,1.696880277410561,0.5781042304422364,0.0,-1.696880277410561,54.0,113
114,0.7678571428571428,0.75,0.3067999146892426,0.0,0.6415261950111948,0.0,1.0545048161716322,1.5898305522253668,0.5353257360537348,0.0,-1.5898305522253668,55.0,114
115,0.7857142857142856,0.75,0.3449154422464556,0.0,0.6331762446318598,0.0,0.9954493022709597,1.4906952765038868,0.4952459742329271,0.0,-1.4906952765038868,56.0,115
116,0.8035714285714284,0.75,0.3826809910514913,0.0,0.6253469627174487,0.0,0.9411164421094195,1.3987818631531732,0.4576654210437537,0.0,-1.3987818631531732,57.0,116
117,0.8214285714285712,0.75,0.41990182625552797,0.0,0.618000419318535,0.0,0.891066467333501,1.313468480062469,0.4224020127289679,0.0,-1.313468480062469,58.0,117
118,0.8392857142857142,0.75,0.45642481848141786,0.0,0.6111019504106439,0.0,0.8449064293342382,1.2341957913053285,0.3892893619710904,0.0,-1.2341957913053285,59.0,118
119,0.857142857142857,0.75,0.49213126638708055,8.448476095881107,0.6046198296579898,0.75,1.0797871439991926,1.6320415556654706,0.5522544116662779,0.0,6.066434540215637,60.0,119
120,0.875,0.75,0.3295616206259497,0.0,0.6364813556045005,0.0,1.0186891576546662,1.5297996645562684,0.5111105069016021,0.0,-1.5297996645562684,61.0,120
121,0.8928571428571428,0.75,0.3674944753737454,0.0,0.6284466935007386,0.0,0.9625060129894477,1.4350501417929926,0.47254412880354496,0.0,-1.4350501417929926,62.0,121
122,0.9107142857142856,0.75,0.4049557527806247,0.0,0.6209096654451031,0.0,0.9107772653219663,1.347143659458461,0.4363663941364946,0.0,-1.347143659458461,63.0,122
123,0.9285714285714284,0.75,0.44177647233996326,0.0,0.6138343310992078,0.0,0.8630917898706346,1.265496579146832,0.4024047892761974,0.0,-1.265496579146832,64.0,123
124,0.9464285714285714,0.75,0.4778248180496639,0.0,0.6071878154524283,0.0,0.8190818443144169,1.1895833584860724,0.3705015141716556,0.0,-1.1895833584860724,65.0,124
125,0.9642857142857142,0.75,0.5129997164240858,0.0,0.6009400036956737,0.0,0.7784179246060339,1.1189299423452674,0.34051201773923356,0.0,-1.1189299423452674,66.0,125
126,0.982142857142857,0.75,0.5472255008843042,0.0,0.5950632708052048,0.0,0.7408042976155078,1.0531079974804909,0.312303699864983,0.0,-1.0531079974804909,67.0,126
127,0.9999999999999998,0.75,0.5804474730170556,0.0,0.5895322414066728,0.0,0.7059751127813023,0.9917298715333317,0.2857547587520294,0.0,-0.9917298715333317,68.0,127
128,1.0178571428571428,0.75,0.6126282058307166,0.0,0.5843235761150062,0.0,0.6736910103376113,0.9344441756896408,0.2607531653520295,0.0,-0.9344441756896408,69.0,128
129,1.0357142857142856,0.75,0.6437444621104801,13.699234360330061,0.5794157810746194,0.75,1.0969136456251434,1.6605606811781919,0.5636470355530484,0.0,11.28867367915187,70.0,129
130,1.0535714285714284,0.75,0.31942828051954325,0.5172316814439292,0.6387050335911734,0.5172316814439292,1.0344252274483807,1.5562093886860127,0.521784161237632,0.0,-1.5562093886860127,71.0,130
131,1.0714285714285712,0.75,0.3574525309069988,0.0,0.6305316649531165,0.0,0.9769831490841889,1.4595351408591482,0.48255199177495917,0.0,-1.4595351408591482,72.0,131
132,1.0892857142857142,0.75,0.39505730612020823,0.0,0.6228660392133101,0.0,0.9241127466260747,1.3698697348499629,0.4457569882238882,0.0,-1.3698697348499629,73.0,132
133,1.107142857142857,0.75,0.4320625084680985,0.0,0.6156713452277536,0.0,0.875390404302088,1.2866128613953052,0.41122245709321703,0.0,-1.2866128613953052,74.0,133
134,1.1249999999999998,0.75,0.46832712238108015,0.0,0.608913924737232,0.0,0.8304373839039352,1.2092242226426488,0.3787868387387137,0.0,-1.2092242226426488,75.0,134
135,1.1428571428571428,0.75,0.5037424666277198,0.0,0.6025629571813358,0.0,0.788914482015672,1.1372166764860836,0.34830219447041166,0.0,-1.1372166764860836,76.0,135
136,1.1607142857142856,0.75,0.5382265901121502,0.0,0.5965901805191189,0.0,0.7505173930474522,1.070150259539223,0.31963286649177075,0.0,-1.070150259539223,77.0,136
137,1.1785714285714284,0.75,0.5717196112088857,0.0,0.5909696434417071,0.0,0.714972675649656,1.00762696416985,0.292654288520194,0.0,-1.00762696416985,78.0,137
138,1.1964285714285712,0.75,0.6041798372725421,4.819175352023221,0.5856774850164452,0.75,0.8181722269665144,1.1880084076174653,0.369836180650951,0.0,2.8811669444057557,79.0,138
139,1.2,0.75,0.5137468222669281,2.1675098985215815,0.6008096643463074,0.75,0.8260935375710253,1.201715470093509,0.3756219325224837,0.0,0.2157944284280724,80.0,139
140,1.2,0.75,0.5072685049300727,0.0,0.6019430384451944,0.0,0.7848995865234683,1.1302261710604011,0.3453265845369328,0.0,-1.1302261710604011,81.0,140
141,1.2,0.75,0.5416549224260923,0.0,0.5960069766223981,0.0,0.7468024944163973,1.063635982203908,0.31683348778751075,0.0,-1.063635982203908,82.0,141
142,1.2,0.75,0.575045259812017,11.259664996011184,0.5904206531864532,0.75,1.0838593302022628,1.6388280032118054,0.5549686730095427,0.0,8.870836992799378,83.0,142
143,1.2,0.75,0.3271328257980598,28.68662358444649,0.6370111836108197,0.75,2.218668518878423,3.418668518878423,1.2,0.0,24.517955065568067,84.0,143
144,1.2,0.75,0.0032344443965992386,0.0,0.7657819560140133,0.0,2.056432342506179,3.1881857313734425,1.1317533888672637,0.0,-3.1881857313734425,85.0,144
145,1.2,0.75,0.015339037449740979,1.583935018498503,0.7490372830551192,0.75,1.947120923376435,3.0195234539359275,1.0724025305594922,0.0,-2.1855884354374244,86.0,145
146,1.2,0.75,0.028820695492109884,2.9414471053084337,0.7375583521967294,0.75,1.9091476567026604,2.9606743129270057,1.0515266562243453,0.0,-0.769227207618572,87.0,146
147,1.2,0.7589285714285714,0.03456878487455529,0.0,0.7335182933331864,0.0,1.7675286028953645,2.7560460276565557,0.988517424761191,0.0,-2.7560460276565557,88.0,147
148,1.2,0.8035714285714285,0.059451583154923764,0.0,0.7190432616753264,0.0,1.6101972443448238,2.582419732960788,0.972222488615964,0.0,-2.582419732960788,89.0,148
149,1.2,0.8482142857142856,0.088851369658704,0.0,0.7054801328257424,0.0,1.4687497633623454,2.4213561987020897,0.9526064353397441,0.0,-2.4213561987020897,90.0,149
150,1.2,0.8928571428571428,0.12176491356105958,0.24262902148448273,0.692762925899786,0.24262902148448273,1.3414296820082119,2.2715035442927034,0.9300738622844914,0.0,-2.2715035442927034,91.0,150
151,1.2,0.9374999999999999,0.15734626311036823,0.0,0.6808327602259798,0.0,1.2267018882913885,2.131698449647267,0.9049965613558787,0.0,-2.131698449647267,92.0,151
152,1.2,0.982142857142857,0.19488034504686802,0.0,0.6696368650072442,0.0,1.123220017431622,2.0009374546200136,0.8777174371883916,0.0,-2.0009374546200136,93.0,152
153,1.2,1.0267857142857142,0.23376165288168937,0.0,0.6591277397203743,0.0,1.0297993648912378,1.8783530830536972,0.8485537181624594,0.0,-1.8783530830536972,94.0,153
154,1.2,1.0714285714285712,0.2734769538740903,0.0,0.64926243991442,0.0,0.9453942862959577,1.7631938742805517,0.817799587984594,0.0,-1.7631938742805517,95.0,154
155,1.2,1.1160714285714284,0.31359118393431396,13.720747802355339,0.6400019678856356,1.1160714285714284,1.2895280868563759,2.548120938717455,1.2585928518610787,0.0,10.056555435066455,96.0,155
156,1.2,1.1607142857142856,0.12160560733034712,5.723595888339353,0.6928200111370351,1.1607142857142856,1.3316429058079002,2.7191865804793136,1.3875436746714134,0.0,1.8436950221457535,97.0,156
157,1.2,1.2053571428571428,0.09609185755829974,0.0,0.7025032833121704,0.0,1.2093907367567898,2.5401303508792465,1.3307396141224568,0.0,-2.5401303508792465,98.0,157
158,1.2,1.2499999999999998,0.1320239126863951,0.0,0.6891622625617542,0.0,1.0999135964458737,2.3732116969399066,1.273298100494033,0.0,-2.3732116969399066,99.0,158
159,1.2,1.294642857142857,0.17074113087714018,0.0,0.6766979154139605,0.0,1.0017901441202266,2.2172871575501847,1.215497013429958,0.0,-2.2172871575501847,100.0,159
160,1.2,1.339285714285714,0.21140684531191564,0.0,0.6650524996705247,0.0,0.9137720584691055,2.0713649127878884,1.1575928543187828,0.0,-2.0713649127878884,101.0,160
161,1.2,1.3839285714285712,0.25331700101917565,0.0,0.6541734822714287,0.0,0.8347600695560837,1.934582341103023,1.0998222715469392,0.0,-1.934582341103023,102.0,161
162,1.2,1.4285714285714284,0.29588003274061514,0.0,0.644012860732022,0.0,0.7637838135536054,1.8061871116749488,1.0424032981213436,0.0,-1.8061871116749488,103.0,162
163,1.2,1.4732142857142856,0.338600236738735,0.0,0.6345265838849897,0.0,0.699984824164096,1.6855211865082844,0.9855363623441884,0.0,-1.6855211865082844,104.0,163
164,1.2,1.5178571428571423,0.38106394867893995,0.0,0.6256740566449253,0.0,0.6426021090711427,1.5720072307647017,0.9294051216935589,0.0,-1.5720072307647017,105.0,164
165,1.2,1.5624999999999998,0.4229279843646191,11.03316887370555,0.6174177161472115,1.5624999999999998,0.8278324679868628,2.1994187089603194,1.3715862409734567,0.0,7.271250164745231,106.0,165
166,1.2,1.607142857142857,0.24757767526612476,0.0,0.6556070552477642,0.0,0.7534720831452698,2.045430365693701,1.2919582825484313,0.0,-2.045430365693701,107.0,166
167,1.2,1.651785714285714,0.29218674044792176,0.0,0.6448642487052553,0.0,0.6870229961705916,1.901302196769004,1.2142792005984124,0.0,-1.901302196769004,108.0,167
168,1.2,1.696428571428571,0.33696437773854127,0.0,0.6348784178398719,0.0,0.6276041099341199,1.766284075052728,1.1386799651186081,0.0,-1.766284075052728,109.0,168
169,1.2,1.7410714285714282,0.38142128279531506,0.0,0.6256017157650151,0.0,0.5744372720799853,1.6397135334615816,1.0652762613815963,0.0,-1.6397135334615816,110.0,169
170,1.2,1.7857142857142856,0.4251573355961651,0.0,0.616989774938011,0.0,0.526834202615785,1.5210030590501957,0.9941688564344109,0.0,-1.5210030590501957,111.0,170
171,1.2,1.8303571428571423,0.4678488125916119,0.0,0.6090013134934197,0.0,0.48418529591404946,1.4096292539798223,0.9254439580657727,0.0,-1.4096292539798223,112.0,171
172,1.2,1.8749999999999998,0.50923752797774,0.0,0.6015977985040298,0.0,0.4459499899387584,1.305123571987116,0.8591735820483576,0.0,-1.305123571987116,113.0,172
173,1.2,1.919642857142857,0.5491215607483375,0.0,0.5947431578948538,0.0,0.4116484514834575,1.2070643913345176,0.7954159398510601,0.0,-1.2070643913345176,114.0,173
174,1.2,1.964285714285714,0.5873472925955189,0.0,0.5884035339907859,0.0,0.38085437124378607,1.1150702271279516,0.7342158558841655,0.0,-1.1150702271279516,115.0,174
175,1.2,2.008928571428571,0.6238025359018928,0.0,0.5825470727138534,0.0,0.3531886989178623,1.0287939195245488,0.6756052206066864,0.0,-1.0287939195245488,116.0,175
176,1.2,2.053571428571428,0.6584105740876124,0.0,0.5771437433045858,0.0,0.3283141779971673,0.9479176614288662,0.619603483431699,0.0,-0.9479176614288662,117.0,176
177,1.2,2.0982142857142856,0.6911249708144167,0.0,0.5721651841584259,0.0,0.3059305638571481,0.8721487511274381,0.5662181872702899,0.0,-0.8721487511274381,118.0,177
178,1.2,2.1428571428571423,0.7219250318418097,0.0,0.5675845709697314,0.0,0.2857704282647569,0.8012159729925008,0.5154455447277438,0.0,-0.8012159729925008,119.0,178
179,1.2,2.1875,0.7508118251075384,0.0,0.5633765038846867,0.0,0.2675954693469333,0.7348665237325472,0.46727105438561395,0.0,-0.7348665237325472,120.0,179
180,1.2,2.2321428571428568,0.7778046819859286,0.0,0.5595169107978561,0.0,0.25119325909201506,0.6728634133471024,0.42167015425508736,0.0,-0.6728634133471024,121.0,180
181,1.2,2.276785714285714,0.8029381165468883,0.0,0.5559829642991844,0.0,0.23637437113168008,0.6149832794912232,0.37860890835954314,0.0,-0.6149832794912232,122.0,181
182,1.2,2.321428571428571,0.8262591106964926,3.8049600942091235,0.5527530101001759,2.321428571428571,0.24288523476690804,0.6966917197375107,0.45380648497060255,0.0,0.7868398030430417,123.0,182
183,1.2,2.3660714285714284,0.7964807670589362,0.0,0.5568855720909481,0.0,0.2283084558553933,0.6354328332326075,0.40712437737721413,0.0,-0.6354328332326075,124.0,183
184,1.2,2.4107142857142856,0.8204865765159401,0.0,0.55354821477355,0.0,0.2151535621425791,0.5784688757916355,0.36331531364905645,0.0,-0.5784688757916355,125.0,184
185,1.2,2.4553571428571423,0.8426502832385937,0.0,0.5505100379048964,0.0,0.2032652838853506,0.5255658795337219,0.3223005956483713,0.0,-0.5255658795337219,126.0,185
186,1.2,2.4999999999999996,0.8630431336739286,0.0,0.5477497129073453,0.0,0.19250550933570337,0.47650091585322785,0.2839954065175245,0.0,-0.47650091585322785,127.0,186
187,1.2,2.5446428571428568,0.8817429198008829,0.0,0.5452470820467716,0.0,0.1827513591834096,0.43106098108797575,0.24830962190456615,0.0,-0.43106098108797575,128.0,187
188,1.2,2.589285714285714,0.898832126343441,0.0,0.5429831063057634,0.0,0.17389348240538305,0.38904210118660476,0.2151486187812217,0.0,-0.38904210118660476,129.0,188
189,1.2,2.633928571428571,0.9143963301981246,0.0,0.5409398179591951,0.0,0.16583454746502488,0.35024862163431325,0.18441407416928837,0.0,-0.35024862163431325,130.0,189
190,1.2,2.678571428571428,0.9285228255949813,0.0,0.5391002768791829,0.0,0.1584879060636326,0.31449265256391107,0.15600474650027846,0.0,-0.31449265256391107,131.0,190
191,1.2,2.7232142857142856,0.9412994514930484,0.0,0.5374485297543725,0.0,0.15177640941285284,0.28159364227477335,0.12981723286192054,0.0,-0.28159364227477335,132.0,191
192,1.2,2.7678571428571423,0.952813600158504,0.0,0.5359695715491478,0.0,0.145631359367254,0.2513780553807291,0.1057466960134751,0.0,-0.2513780553807291,133.0,192
193,1.2,2.8124999999999996,0.9631513879093244,0.0,0.5346493086532407,0.0,0.13999157880491245,0.22367913456324406,0.08368755575833163,0.0,-0.22367913456324406,134.0,193
194,1.2,2.8571428571428568,0.9723969707315818,0.0,0.5334745232826354,0.0,0.1348025874308207,0.1983367274561541,0.06353414002533342,0.0,-0.1983367274561541,135.0,194
195,1.2,2.901785714285714,0.9806319889556784,0.0,0.5324328387896935,0.0,0.1300158707491524,0.17519716255774542,0.04518129180859301,0.0,-0.17519716255774542,136.0,195
196,1.1972222222222224,2.946428571428571,0.9879351264848061,0.0,0.5315126856249994,0.0,0.12558823134152808,0.15411316027008817,0.028524928928560095,0.0,-0.15411316027008817,137.0,196
197,1.1833333333333333,2.991071428571428,0.9943817712373167,0.0,0.5307032677664381,0.0,0.12148121282667823,0.13494376721277768,0.013462554386099458,0.0,-0.13494376721277768,138.0,197
198,1.1694444444444445,3.0,1.0,0.0,0.5299945294932618,0.0,0.11978054173636078,0.11978054173636078,0.0,0.0,-0.11978054173636078,139.0,198
199,1.1555555555555557,3.0,1.0,0.0,0.5293654300093523,0.0,0.11875440847925917,0.11875440847925917,0.0,0.0,-0.11875440847925917,140.0,199
200,1.1416666666666668,3.0,1.0,0.0,0.5287417198807848,0.0,0.11773997516123336,0.11773997516123336,0.0,0.0,-0.11773997516123336,141.0,200
201,1.1277777777777778,3.0,1.0,0.0,0.5281233376582993,0.0,0.11673707536230571,0.11673707536230571,0.0,0.0,-0.11673707536230571,142.0,201
202,1.113888888888889,3.0,1.0,34.28642602564502,0.5275102227666906,3.0,0.46534491381903914,3.5724749078112654,3.1071299939922263,0.0,27.713951117833755,143.0,202
203,1.1,3.0,0.18295572897506948,0.0,0.6730666887216998,0.0,0.4180056165851478,3.164886040041784,2.7468804234566364,0.0,-3.164886040041784,144.0,203
204,1.0861111111111112,3.0,0.24425582774641624,0.0,0.6564443880912283,0.0,0.3775053922741539,2.8052376436257362,2.4277322513515824,0.0,-2.8052376436257362,145.0,204
205,1.0722222222222224,3.0,0.30598157314355723,0.0,0.641710997105799,0.0,0.34277607073994587,2.487627215171287,2.144851144431341,0.0,-2.487627215171287,146.0,205
206,1.0583333333333333,3.0,0.3665298498681986,0.0,0.6286457281185549,0.0,0.31292761441637357,2.206925594292627,1.8939979798762536,0.0,-2.206925594292627,147.0,206
207,1.0444444444444445,3.0,0.42481856399138085,0.0,0.6170547323502112,0.0,0.28721687131516266,1.9586677324392179,1.6714508611240553,0.0,-1.9586677324392179,148.0,207
208,1.0305555555555557,3.0,0.4801513645519682,20.903210606815364,0.606767611906728,3.0,0.4885606928759176,3.767864616962274,3.2793039240863564,0.0,14.13534598985309,149.0,208
209,1.0166666666666668,3.0,0.1567910547076571,0.0,0.6810078744584774,0.0,0.43783457937611236,3.3371857689788786,2.899351189602766,0.0,-3.3371857689788786,150.0,209
210,1.0027777777777778,3.0,0.21722818650186612,0.0,0.6634806382768657,0.0,0.3944811819837368,2.957309436899557,2.56282825491582,0.0,-2.957309436899557,151.0,210
211,0.9888888888888889,3.0,0.2790013633582005,0.0,0.6479485508981915,0.0,0.35734268555283366,2.6219548627981095,2.264612177245276,0.0,-2.6219548627981095,152.0,211
212,0.9750000000000001,3.0,0.34022591958498943,0.0,0.6341777795599661,0.0,0.3254552346388615,2.3256686021902104,2.000213367551349,0.0,-2.3256686021902104,153.0,212
213,0.9611111111111111,3.0,0.39961041856763263,0.0,0.6219631335400596,0.0,0.2980147735205794,2.0637069374897234,1.7656921639691439,0.0,-2.0637069374897234,154.0,213
214,0.9472222222222223,3.0,0.4563038350235475,0.0,0.6111243365994623,0.0,0.27434915689313016,1.8319364196028058,1.5575872627096756,0.0,-1.8319364196028058,155.0,214
215,0.9333333333333333,3.0,0.5097798820593554,0.0,0.6015028217906241,0.0,0.2538953315384627,1.6267495099184446,1.372854178379982,0.0,-1.6267495099184446,156.0,215
216,0.9194444444444445,3.0,0.5597495545100352,0.0,0.592958969322565,0.0,0.23618062980630072,1.4449928407995478,1.208812210993247,0.0,-1.4449928407995478,157.0,216
217,0.9055555555555557,3.0,0.6060951267554384,0.0,0.585369721209122,0.0,0.22080740550650788,1.28390605272165,1.063098647215142,0.0,-1.28390605272165,158.0,217
218,0.8916666666666667,3.0,0.6488204735176528,0.0,0.57862651715071,0.0,0.2074403930793951,1.1410695223730267,0.9336291292936316,0.0,-1.1410695223730267,159.0,218
219,0.8777777777777778,3.0,0.6880138122867665,0.0,0.5726335049533727,0.0,0.19579629032207882,1.0143595854268348,0.8185632951047559,0.0,-1.0143595854268348,160.0,219
220,0.8638888888888889,3.0,0.7238198966301799,0.0,0.5673059861223494,0.0,0.18563516017589157,0.9019100937249993,0.7162749335491078,0.0,-0.9019100937249993,161.0,220
221,0.8500000000000001,3.0,0.7564193953220923,10.914891906816528,0.5625690633611887,3.0,0.2594465305258329,1.6829129074119027,1.4234663768860698,0.0,6.2319789994046255,162.0,221
222,0.8361111111111111,3.0,0.5458251710714025,0.0,0.5953000455009189,0.0,0.2409920337112304,1.494752907328872,1.2537608736176415,0.0,-1.494752907328872,163.0,222
223,0.8222222222222222,3.0,0.5932114134793048,0.0,0.587449452500242,0.0,0.2249858688179231,1.32801535682257,1.103029488004647,0.0,-1.32801535682257,164.0,223
224,0.8083333333333333,3.0,0.6369662793044653,0.0,0.5804745819286949,0.0,0.21107608133830352,1.1801880543692458,0.9691119730309423,0.0,-1.1801880543692458,165.0,224
225,0.7944444444444445,3.0,0.6771570680627341,0.0,0.5742761152565875,0.0,0.19896545772170188,1.0490668706481814,0.8501014129264796,0.0,-1.0490668706481814,166.0,225
226,0.7805555555555557,3.0,0.7139147468738686,0.0,0.5687663102636874,0.0,0.1884024434319938,0.9327156004947914,0.7443131570627975,0.0,-0.9327156004947914,167.0,226
227,0.7666666666666667,3.0,0.7474114716413334,0.0,0.5638675938745341,0.0,0.17917363883101628,0.8294314412220707,0.6502578023910545,0.0,-0.8294314412220707,168.0,227
228,0.7527777777777778,3.0,0.7778440130874712,0.0,0.5595113363050904,0.0,0.17109758962315746,0.737715246680893,0.5666176570577356,0.0,-0.737715246680893,169.0,228
229,0.7388888888888889,3.0,0.8054216614955018,0.0,0.5556367814380689,0.0,0.16401964102078706,0.6562458446317101,0.49222620361092306,0.0,-0.6562458446317101,170.0,229
230,0.7250000000000001,3.0,0.8303575205021432,0.0,0.5521901120860117,0.0,0.15780766712359084,0.5838578191750141,0.4260501520514232,0.0,-0.5838578191750141,171.0,230
231,0.7111111111111111,3.0,0.8528623572329505,0.0,0.5491236319432857,0.0,0.1523485212950399,0.5195222546061253,0.36717373331108544,0.0,-0.5195222546061253,172.0,231
232,0.6972222222222222,3.0,0.8731403725496313,4.302194376906371,0.5463950486732956,3.0,0.15968118025681236,0.6057798334637209,0.44609865320690856,0.0,0.6964145434426502,173.0,232
233,0.6833333333333333,3.0,0.846012260132045,0.0,0.550052688082133,0.0,0.1539957173331803,0.539007328510134,0.38501161117695376,0.0,-0.539007328510134,174.0,233
234,0.6694444444444445,3.0,0.8669712903564726,1.3193572920194725,0.5472217672391176,1.3193572920194725,0.1489950291697334,0.47965296016079156,0.33065793099105817,0.0,-0.47965296016079156,175.0,234
235,0.6555555555555556,3.0,0.8858380022636128,0.0,0.5447025815239874,0.0,0.14459151546370813,0.4268810807242662,0.2822895652605581,0.0,-0.4268810807242662,176.0,235
236,0.6416666666666667,3.0,0.9027997761763691,0.0,0.542460559041192,0.0,0.1407096879717367,0.37995242156262155,0.23924273359088488,0.0,-0.37995242156262155,177.0,236
237,0.6277777777777778,3.0,0.9180321782836937,0.0,0.5404650106086152,0.0,0.13728434887853536,0.33821255256394633,0.20092820368541098,0.0,-0.33821255256394633,178.0,237
238,0.6138888888888889,3.0,0.9316984183070108,0.0,0.5386886841770818,0.0,0.13425906431170334,0.3010818005116738,0.16682273619997048,0.0,-0.3010818005116738,179.0,238
239,0.6,3.0,0.9439492582365029,0.0,0.5371073721996046,0.0,0.13158488256574277,0.2680464287981502,0.13646154623240747,0.0,-0.2680464287981502,180.0,239
