,kc,LAI,stress,R,s,I,E,ET,T,L,dsdt,dos,doy
60,0.3,0.75,1.0,0.0,0.46152427809023533,0.0,0.08557838214182237,0.08557838214182237,0.0,0.0,-0.08557838214182237,1.0,60
61,0.3,0.75,1.0,0.0,0.46107481179747367,0.0,0.08419267511296862,0.08419267511296862,0.0,0.0,-0.08419267511296862,2.0,61
62,0.3,0.75,1.0,0.0,0.46063262337776273,0.0,0.08283678397979462,0.08283678397979462,0.0,0.0,-0.08283678397979462,3.0,62
63,0.3,0.75,1.0,0.0,0.4601975562350117,0.0,0.08150990983953,0.08150990983953,0.0,0.0,-0.08150990983953,4.0,63
64,0.3,0.75,1.0,0.0,0.4597694579690478,0.0,0.08021127937351752,0.08021127937351752,0.0,0.0,-0.08021127937351752,5.0,64
65,0.3,0.75,1.0,0.0,0.4593481802412457,0.0,0.07894014389536569,0.07894014389536569,0.0,0.0,-0.07894014389536569,6.0,65
66,0.3,0.75,1.0,0.0,0.4589335786451566,0.0,0.077695778439401,0.077695778439401,0.0,0.0,-0.077695778439401,7.0,66
67,0.3,0.75,1.0,0.0,0.4585255125819245,0.0,0.07647748088750428,0.07647748088750428,0.0,0.0,-0.07647748088750428,8.0,67
68,0.3,0.75,1.0,0.0,0.4581238451402884,0.0,0.07528457113252426,0.07528457113252426,0.0,0.0,-0.07528457113252426,9.0,68
69,0.3,0.75,1.0,0.0,0.4577284429809789,0.0,0.07411639027655034,0.07411639027655034,0.0,0.0,-0.07411639027655034,10.0,69
70,0.3,0.75,1.0,0.0,0.4573391762253248,0.0,0.072972299862418,0.072972299862418,0.0,0.0,-0.072972299862418,11.0,70
71,0.3,0.75,1.0,0.0,0.4569559183478961,0.0,0.07185168113690327,0.07185168113690327,0.0,0.0,-0.07185168113690327,12.0,71
72,0.3,0.75,1.0,0.0,0.4565785460730174,0.0,0.07075393434414384,0.07075393434414384,0.0,0.0,-0.07075393434414384,13.0,72
73,0.3,0.75,1.0,0.0,0.45620693927499145,0.0,0.06967847804789688,0.06967847804789688,0.0,0.0,-0.06967847804789688,14.0,73
74,0.3,0.75,1.0,0.0,0.45584098088188274,0.0,0.0686247484813145,0.0686247484813145,0.0,0.0,-0.0686247484813145,15.0,74
75,0.3,0.75,1.0,0.0,0.45548055678271615,0.0,0.06759219892298711,0.06759219892298711,0.0,0.0,-0.06759219892298711,16.0,75
76,0.3,0.75,1.0,0.0,0.45512555573795255,0.0,0.06658029909806425,0.06658029909806425,0.0,0.0,-0.06658029909806425,17.0,76
77,0.3,0.75,1.0,0.0,0.45477586929310976,0.0,0.0655885346033244,0.0655885346033244,0.0,0.0,-0.0655885346033244,18.0,77
78,0.3,0.75,1.0,0.0,0.4544313916954032,0.0,0.0646164063551208,0.0646164063551208,0.0,0.0,-0.0646164063551208,19.0,78
79,0.3,0.75,1.0,0.0,0.45409201981328595,0.0,0.06366343005918375,0.06366343005918375,0.0,0.0,-0.06366343005918375,20.0,79
80,0.3,0.75,1.0,0.0,0.4537576530587734,0.0,0.06272913570130922,0.06272913570130922,0.0,0.0,-0.06272913570130922,21.0,80
81,0.3,0.75,1.0,0.0,0.453428193312443,0.0,0.06181306705801293,0.06181306705801293,0.0,0.0,-0.06181306705801293,22.0,81
82,0.3,0.75,1.0,7.1985985433674635,0.45310354485100385,0.75,0.1752883775125166,0.1752883775125166,0.0,0.0,6.273310165854947,23.0,82
83,0.3,0.75,1.0,0.0,0.48605160244477985,0.0,0.17168643113854026,0.17168643113854026,0.0,0.0,-0.17168643113854026,24.0,83
84,0.3,0.75,1.0,0.0,0.48514988799552283,0.0,0.16818274854693507,0.16818274854693507,0.0,0.0,-0.16818274854693507,25.0,84
85,0.3,0.75,1.0,0.0,0.48426657524054945,0.0,0.16477399487340633,0.16477399487340633,0.0,0.0,-0.16477399487340633,26.0,85
86,0.3,0.75,1.0,0.0,0.4834011656036093,0.0,0.16145697037520598,0.16145697037520598,0.0,0.0,-0.16145697037520598,27.0,86
87,0.3,0.75,1.0,0.0,0.4825531773138235,0.0,0.1582286040777561,0.1582286040777561,0.0,0.0,-0.1582286040777561,28.0,87
88,0.30357142857142855,0.75,1.0,0.0,0.4817221447293815,0.0,0.15508594776081774,0.15508594776081774,0.0,0.0,-0.15508594776081774,29.0,88
89,0.3214285714285714,0.75,1.0,0.0,0.4809076176928226,0.0,0.1520261702639029,0.1520261702639029,0.0,0.0,-0.1520261702639029,30.0,89
90,0.33928571428571425,0.75,1.0,0.0,0.48010916091622646,0.0,0.1490465520919714,0.1490465520919714,0.0,0.0,-0.1490465520919714,31.0,90
91,0.3571428571428571,0.75,1.0,0.0,0.479326353394735,0.0,0.14614448030369562,0.14614448030369562,0.0,0.0,-0.14614448030369562,32.0,91
92,0.37499999999999994,0.75,1.0,0.0,0.47855878784692146,0.0,0.1433174436657325,0.1433174436657325,0.0,0.0,-0.1433174436657325,33.0,92
93,0.3928571428571428,0.75,1.0,0.0,0.47780607018060983,0.0,0.14056302805751492,0.14056302805751492,0.0,0.0,-0.14056302805751492,34.0,93
94,0.41071428571428564,0.75,1.0,0.0,0.47706781898282874,0.0,0.13787891211206904,0.13787891211206904,0.0,0.0,-0.13787891211206904,35.0,94
95,0.4285714285714285,0.75,1.0,0.0,0.4763436650326603,0.0,0.13526286307929414,0.13526286307929414,0.0,0.0,-0.13526286307929414,36.0,95
96,0.4464285714285714,0.75,1.0,0.0,0.47563325083581526,0.0,0.1327127328989988,0.1327127328989988,0.0,0.0,-0.1327127328989988,37.0,96
97,0.4642857142857142,0.75,1.0,0.0,0.4749362301798331,0.0,0.13022645447179268,0.13022645447179268,0.0,0.0,-0.13022645447179268,38.0,97
98,0.4821428571428571,0.75,1.0,0.0,0.4742522677088678,0.0,0.12780203811667767,0.12780203811667767,0.0,0.0,-0.12780203811667767,39.0,98
99,0.4999999999999999,0.75,1.0,0.0,0.47358103851707856,0.0,0.1254375682048776,0.1254375682048776,0.0,0.0,-0.1254375682048776,40.0,99
100,0.5178571428571428,0.75,1.0,0.0,0.4729222277597,0.0,0.12313119996009282,0.12313119996009282,0.0,0.0,-0.12313119996009282,41.0,100
101,0.5357142857142856,0.75,1.0,0.0,0.472275530280918,0.0,0.12088115641597331,0.12088115641597331,0.0,0.0,-0.12088115641597331,42.0,101
102,0.5535714285714285,0.75,1.0,0.0,0.4716406502577249,0.0,0.11868572552216078,0.11868572552216078,0.0,0.0,-0.11868572552216078,43.0,102
103,0.5714285714285714,0.75,1.0,0.0,0.47101730085897403,0.0,0.11654325739078238,0.11654325739078238,0.0,0.0,-0.11654325739078238,44.0,103
104,0.5892857142857142,0.75,1.0,0.0,0.4704052039188964,0.0,0.11445216167576593,0.11445216167576593,0.0,0.0,-0.11445216167576593,45.0,104
105,0.607142857142857,0.75,1.0,0.0,0.4698040896243808,0.0,0.11241090507780313,0.11241090507780313,0.0,0.0,-0.11241090507780313,46.0,105
106,0.6249999999999999,0.75,1.0,0.0,0.46921369621535874,0.0,0.11041800896822075,0.11041800896822075,0.0,0.0,-0.11041800896822075,47.0,106
107,0.6428571428571428,0.75,1.0,0.9898544067366553,0.4686337696976685,0.75,0.1127137792750981,0.1127137792750981,0.0,0.0,0.12714062746155716,48.0,107
108,0.6607142857142856,0.75,1.0,0.0,0.4693015250940002,0.0,0.11071372589828361,0.11071372589828361,0.0,0.0,-0.11071372589828361,49.0,108
109,0.6785714285714284,0.75,1.0,0.0,0.46872004544117307,0.0,0.10876081733028017,0.10876081733028017,0.0,0.0,-0.10876081733028017,50.0,109
110,0.6964285714285713,0.75,1.0,0.0,0.46814882266107705,0.0,0.10685367020032689,0.10685367020032689,0.0,0.0,-0.10685367020032689,51.0,110
111,0.7142857142857142,0.75,1.0,0.0,0.4675876164100249,0.0,0.1049909496337362,0.1049909496337362,0.0,0.0,-0.1049909496337362,52.0,111
112,0.732142857142857,0.75,1.0,0.0,0.46703619335522584,0.0,0.1031713672775582,0.1031713672775582,0.0,0.0,-0.1031713672775582,53.0,112
113,0.7499999999999999,0.75,1.0,0.0,0.46649432693044873,0.0,0.10139367941767086,0.10139367941767086,0.0,0.0,-0.10139367941767086,54.0,113
114,0.7678571428571428,0.75,1.0,0.0,0.4659617971015744,0.0,0.09965668518255628,0.09965668518255628,0.0,0.0,-0.09965668518255628,55.0,114
115,0.7857142857142856,0.75,1.0,0.0,0.465438390141582,0.0,0.09795922482929396,0.09795922482929396,0.0,0.0,-0.09795922482929396,56.0,115
116,0.8035714285714284,0.75,1.0,0.0,0.4649238984145374,0.0,0.09630017810755921,0.09630017810755921,0.0,0.0,-0.09630017810755921,57.0,116
117,0.8214285714285712,0.75,1.0,0.0,0.4644181201681742,0.0,0.09467846269764991,0.09467846269764991,0.0,0.0,-0.09467846269764991,58.0,117
118,0.8392857142857142,0.75,1.0,21.202783907579313,0.46392085933467814,0.75,0.5954503963157501,0.7938869221536164,0.19843652583786628,0.0,19.658896985425695,59.0,118
119,0.857142857142857,0.75,0.7247364207353613,0.0,0.567171368711914,0.0,0.5710129121297437,0.7494354819469307,0.178422569817187,0.0,-0.7494354819469307,60.0,119
120,0.875,0.75,0.7517912540766052,0.0,0.5632352579874028,0.0,0.5482590857289392,0.7077883240684726,0.1595292383395334,0.0,-0.7077883240684726,61.0,120
121,0.8928571428571428,0.75,0.7777978273551643,0.0,0.5595178823357827,0.0,0.5270547712056002,0.668740606417357,0.14168583521175684,0.0,-0.668740606417357,62.0,121
122,0.9107142857142856,0.75,0.8027759368644194,0.0,0.5560055892348512,0.0,0.5072780492540717,0.6321048775813574,0.1248268283272857,0.0,-0.6321048775813574,63.0,122
123,0.9285714285714284,0.75,0.8267485780930894,0.0,0.5526857106761256,0.0,0.4888179754138691,0.5977093866592719,0.10889141124540273,0.0,-0.5977093866592719,64.0,123
124,0.9464285714285714,0.75,0.8497411928932943,0.0,0.5495464807041757,0.0,0.4715734702077948,0.5653965775878378,0.09382310738004307,0.0,-0.5653965775878378,65.0,124
125,0.9642857142857142,0.75,0.8717810431925072,0.0,0.5465769608639034,0.0,0.4554523335311951,0.5350217456779313,0.07956941214673616,0.0,-0.5350217456779313,66.0,125
126,0.982142857142857,0.75,0.8928966909682065,0.0,0.5437669727038302,0.0,0.44037036803736573,0.5064518370157507,0.06608146897838497,0.0,-0.5064518370157507,67.0,126
127,0.9999999999999998,0.75,0.9131175675068265,0.0,0.54110703658505,0.0,0.4262505983033582,0.47956437391159806,0.05331377560823984,0.0,-0.47956437391159806,68.0,127
128,1.0178571428571428,0.75,0.9324736177135658,0.0,0.5385883161338336,0.0,0.4130225743050042,0.4542464917474055,0.04122391744240126,0.0,-0.4542464917474055,69.0,128
129,1.0357142857142856,0.75,0.9509950075251926,0.0,0.5362025677528073,0.0,0.40062174922553945,0.4303940744390143,0.029772325213474813,0.0,-0.4303940744390143,70.0,129
130,1.0535714285714284,0.75,0.9687118843843822,0.0,0.5339420946727704,0.0,0.3889889229069659,0.40791097733626386,0.018922054429297928,0.0,-0.40791097733626386,71.0,130
131,1.0714285714285712,0.75,0.9856541823269781,0.0,0.5317997050859203,0.0,0.37806974335911275,0.38670832777153025,0.008638584412417494,0.0,-0.38670832777153025,72.0,131
132,1.0892857142857142,0.75,1.0,0.0,0.5297686739526665,0.0,0.3678142596950434,0.3678142596950434,0.0,0.0,-0.3678142596950434,73.0,132
133,1.107142857142857,0.75,1.0,0.9311842755868607,0.5278368763702345,0.75,0.3628985772935032,0.3628985772935032,0.0,0.0,-0.18171430170664254,74.0,133
134,1.1249999999999998,0.75,1.0,0.0,0.5268824945335399,0.0,0.3534034683979125,0.3534034683979125,0.0,0.0,-0.3534034683979125,75.0,134
135,1.1428571428571428,0.75,1.0,0.0,0.5250263838801895,0.0,0.34423779773394264,0.34423779773394264,0.0,0.0,-0.34423779773394264,76.0,135
136,1.1607142857142856,0.75,1.0,0.0,0.5232184122534356,0.0,0.33538736466255886,0.33538736466255886,0.0,0.0,-0.33538736466255886,77.0,136
137,1.1785714285714284,0.75,1.0,0.0,0.5214569239936532,0.0,0.32683869833989015,0.32683869833989015,0.0,0.0,-0.32683869833989015,78.0,137
138,1.1964285714285712,0.75,1.0,0.0,0.5197403341914478,0.0,0.3185790142558266,0.3185790142558266,0.0,0.0,-0.3185790142558266,79.0,138
139,1.2,0.75,1.0,16.42033188367667,0.5180671250829614,0.75,0.7747379376717194,1.1125105216920348,0.33777258402031546,0.0,14.557821361984637,80.0,139
140,1.2,0.75,0.5504080670294001,0.0,0.5945262708917042,0.0,0.737398329439548,1.047124429719728,0.30972610028017994,0.0,-1.047124429719728,81.0,140
141,1.2,0.75,0.5835330178191432,0.0,0.5890266677944367,0.0,0.7028194638741089,0.9861474692874048,0.28332800541329595,0.0,-0.9861474692874048,82.0,141
142,1.2,0.75,0.6156139703750313,0.0,0.5838473218422969,0.0,0.6707643246996997,0.9292314695427248,0.25846714484302513,0.0,-0.9292314695427248,83.0,142
143,1.2,0.75,0.6466288880367417,0.0,0.5789669044602448,0.0,0.6410191613217285,0.8760603027309034,0.23504114140917487,0.0,-0.8760603027309034,84.0,143
144,1.2,0.75,0.6765671334245573,0.0,0.5743657474080867,0.0,0.6133909239215364,0.8263465114803522,0.21295558755881583,0.0,-0.8263465114803522,85.0,144
145,1.2,0.75,0.705427358972509,0.0,0.5700256922007318,0.0,0.5877050119890723,0.779828334552585,0.19212332256351275,0.0,-0.779828334552585,86.0,145
146,1.2,0.75,0.733215745636651,0.0,0.5659299551495103,0.0,0.563803294235907,0.7362670789535563,0.1724637847176492,0.0,-0.7362670789535563,87.0,146
147,1.2,0.7589285714285714,0.7599445322274557,0.0,0.5620630062054265,0.0,0.5391301525437509,0.6948647541129651,0.1557346015692142,0.0,-0.6948647541129651,88.0,147
148,1.2,0.8035714285714285,0.7856091860058624,0.0,0.5584135064464298,0.0,0.5070441237091793,0.6531707282908183,0.14612660458163904,0.0,-0.6531707282908183,89.0,148
149,1.2,0.8482142857142856,0.8101224916390433,0.0,0.5549829879154907,0.0,0.47753205583269126,0.6131539902310693,0.13562193439837802,0.0,-0.6131539902310693,90.0,149
150,1.2,0.8928571428571428,0.833476670296097,0.0,0.5517626413281427,0.0,0.4503792147837731,0.5747371652303025,0.12435795044652942,0.0,-0.5747371652303025,91.0,150
151,1.2,0.9374999999999999,0.8556689285943043,0.0,0.5487440637796642,0.0,0.42538938456458686,0.5378537672425721,0.11246438267798518,0.0,-0.5378537672425721,92.0,151
152,1.2,0.982142857142857,0.8767011231972595,0.0,0.5459192015567516,0.0,0.40238306691112535,0.5024466195535635,0.10006355264243814,0.0,-0.5024466195535635,93.0,152
153,1.2,1.0267857142857142,0.8965794524663282,0.0,0.5432803012439702,0.0,0.3811958920304277,0.4684664430622317,0.08727055103180396,0.0,-0.4684664430622317,94.0,153
154,1.2,1.0714285714285712,0.9153141668237708,0.0,0.5408198682446937,0.0,0.36167721079744997,0.43587059304677833,0.07419338224932834,0.0,-0.43587059304677833,95.0,154
155,1.2,1.1160714285714284,0.9329192914064249,0.0,0.5385306319366749,0.0,0.34368884341138256,0.40462192867334623,0.060933085261963664,0.0,-0.40462192867334623,96.0,155
156,1.2,1.1607142857142856,0.9494123561998723,0.0,0.5364055167650712,0.0,0.3271039634182668,0.3746878022445098,0.04758383882624299,0.0,-0.3746878022445098,97.0,156
157,1.2,1.2053571428571428,0.9648141301953658,0.0,0.5344376186440392,0.0,0.3118060992760093,0.3460391573871683,0.034233058111159016,0.0,-0.3460391573871683,98.0,157
158,1.2,1.2499999999999998,0.9791483572448424,0.0,0.5326201860947368,0.0,0.29768823837573555,0.31864972713362993,0.020961488757894383,0.0,-0.31864972713362993,99.0,158
159,1.2,1.294642857142857,0.992441492233759,0.0,0.5309466055950854,0.0,0.2846520207267338,0.2924953242288701,0.007843303502136292,0.0,-0.2924953242288701,100.0,159
160,1.2,1.339285714285714,1.0,0.0,0.5294103906569086,0.0,0.2726070114324471,0.2726070114324471,0.0,0.0,-0.2726070114324471,101.0,160
161,1.2,1.3839285714285712,1.0,0.0,0.5279786311430827,0.0,0.2613736614371338,0.2613736614371338,0.0,0.0,-0.2613736614371338,102.0,161
162,1.2,1.4285714285714284,1.0,0.0,0.5266058703162071,0.0,0.25074524274518123,0.25074524274518123,0.0,0.0,-0.25074524274518123,103.0,162
163,1.2,1.4732142857142856,1.0,0.0,0.5252889310160749,0.0,0.24068056558709428,0.24068056558709428,0.0,0.0,-0.24068056558709428,104.0,163
164,1.2,1.5178571428571423,1.0,0.0,0.5240248524153023,0.0,0.23114182503901473,0.23114182503901473,0.0,0.0,-0.23114182503901473,105.0,164
165,1.2,1.5624999999999998,1.0,0.0,0.522810872241778,0.0,0.22209427710664437,0.22209427710664437,0.0,0.0,-0.22209427710664437,106.0,165
166,1.2,1.607142857142857,1.0,0.0,0.5216444107023523,0.0,0.2135059500308164,0.2135059500308164,0.0,0.0,-0.2135059500308164,107.0,166
167,1.2,1.651785714285714,1.0,0.0,0.5205230559227787,0.0,0.20534738653956533,0.20534738653956533,0.0,0.0,-0.20534738653956533,108.0,167
168,1.2,1.696428571428571,1.0,0.0,0.5194445507413734,0.0,0.19759141334293304,0.19759141334293304,0.0,0.0,-0.19759141334293304,109.0,168
169,1.2,1.7410714285714282,1.0,0.0,0.5184067807133118,0.0,0.19021293465495534,0.19021293465495534,0.0,0.0,-0.19021293465495534,110.0,169
170,1.2,1.7857142857142856,1.0,0.0,0.5174077631993678,0.0,0.1831887469453659,0.1831887469453659,0.0,0.0,-0.1831887469453659,111.0,170
171,1.2,1.8303571428571423,1.0,0.0,0.5164456374275959,0.0,0.17649737248241487,0.17649737248241487,0.0,0.0,-0.17649737248241487,112.0,171
172,1.2,1.8749999999999998,1.0,0.0,0.5155186554292639,0.0,0.17011890953688502,0.17011890953688502,0.0,0.0,-0.17011890953688502,113.0,172
173,1.2,1.919642857142857,1.0,0.0,0.5146251737615282,0.0,0.16403489738347926,0.16403489738347926,0.0,0.0,-0.16403489738347926,114.0,173
174,1.2,1.964285714285714,1.0,0.0,0.5137636459391359,0.0,0.15822819446560676,0.15822819446560676,0.0,0.0,-0.15822819446560676,115.0,174
175,1.2,2.008928571428571,1.0,0.0,0.5129326155060182,0.0,0.15268286828852842,0.15268286828852842,0.0,0.0,-0.15268286828852842,116.0,175
176,1.2,2.053571428571428,1.0,0.0,0.512130709685175,0.0,0.1473840957783516,0.1473840957783516,0.0,0.0,-0.1473840957783516,117.0,176
177,1.2,2.0982142857142856,1.0,0.0,0.5113566335518854,0.0,0.14231807299425867,0.14231807299425867,0.0,0.0,-0.14231807299425867,118.0,177
178,1.2,2.1428571428571423,1.0,0.0,0.5106091646811173,0.0,0.13747193321183696,0.13747193321183696,0.0,0.0,-0.13747193321183696,119.0,178
179,1.2,2.1875,1.0,0.0,0.5098871482251728,0.0,0.13283367250916453,0.13283367250916453,0.0,0.0,-0.13283367250916453,120.0,179
180,1.2,2.2321428571428568,1.0,0.0,0.5091894923821625,0.0,0.1283920820867006,0.1283920820867006,0.0,0.0,-0.1283920820867006,121.0,180
181,1.2,2.276785714285714,1.0,0.0,0.5085151642199425,0.0,0.1241366866390112,0.1241366866390112,0.0,0.0,-0.1241366866390112,122.0,181
182,1.2,2.321428571428571,1.0,0.0,0.5078631858237291,0.0,0.12005768817260011,0.12005768817260011,0.0,0.0,-0.12005768817260011,123.0,182
183,1.2,2.3660714285714284,1.0,0.0,0.507232630738789,0.0,0.11614591473104796,0.11614591473104796,0.0,0.0,-0.11614591473104796,124.0,183
184,1.2,2.4107142857142856,1.0,0.0,0.5066226206824285,0.0,0.11239277354751838,0.11239277354751838,0.0,0.0,-0.11239277354751838,125.0,184
185,1.2,2.4553571428571423,1.0,0.0,0.5060323225020319,0.0,0.1087902081965281,0.1087902081965281,0.0,0.0,-0.1087902081965281,126.0,185
186,1.2,2.4999999999999996,1.0,0.0,0.5054609453581426,0.0,0.10533065936259718,0.10533065936259718,0.0,0.0,-0.10533065936259718,127.0,186
187,1.2,2.5446428571428568,1.0,0.0,0.5049077381135911,0.0,0.10200702888378238,0.10200702888378238,0.0,0.0,-0.10200702888378238,128.0,187
188,1.2,2.589285714285714,1.0,0.0,0.5043719869114704,0.0,0.09881264676382108,0.09881264676382108,0.0,0.0,-0.09881264676382108,129.0,188
189,1.2,2.633928571428571,1.0,0.0,0.5038530129263663,0.0,0.09574124087826485,0.09574124087826485,0.0,0.0,-0.09574124087826485,130.0,189
190,1.2,2.678571428571428,1.0,0.0,0.5033501702746948,0.0,0.09278690912805328,0.09278690912805328,0.0,0.0,-0.09278690912805328,131.0,190
191,1.2,2.7232142857142856,1.0,0.0,0.5028628440712911,0.0,0.0899440938189158,0.0899440938189158,0.0,0.0,-0.0899440938189158,132.0,191
192,1.2,2.7678571428571423,1.0,0.0,0.5023904486205615,0.0,0.08720755806717279,0.08720755806717279,0.0,0.0,-0.08720755806717279,133.0,192
193,1.2,2.8124999999999996,1.0,0.0,0.5019324257315532,0.0,0.08457236405225632,0.08457236405225632,0.0,0.0,-0.08457236405225632,134.0,193
194,1.2,2.8571428571428568,1.0,0.0,0.501488243147245,0.0,0.08203385295388858,0.08203385295388858,0.0,0.0,-0.08203385295388858,135.0,194
195,1.2,2.901785714285714,1.0,0.0,0.5010573930792099,0.0,0.07958762642757984,0.07958762642757984,0.0,0.0,-0.07958762642757984,136.0,195
196,1.1972222222222224,2.946428571428571,1.0,9.013756507280988,0.5006393908395693,2.946428571428571,0.12726934048745964,0.1745179671570625,0.047248626669602854,0.0,5.892809968695354,137.0,196
197,1.1833333333333333,2.991071428571428,0.9873282156821789,17.67195776298189,0.5315890230280953,2.991071428571428,0.2703381792351211,1.7767761044606718,1.5064379252255506,0.0,12.904110229949792,138.0,197
198,1.1694444444444445,3.0,0.5220772816189345,0.0,0.5993627112106047,0.0,0.24941805227070044,1.58118210751431,1.3317640552436096,0.0,-1.58118210751431,139.0,198
199,1.1555555555555557,3.0,0.5711841613547013,0.0,0.5910581833350044,0.0,0.23229797641393568,1.4046150964460191,1.1723171200320834,0.0,-1.4046150964460191,140.0,199
200,1.1416666666666668,3.0,0.6166583760314004,0.0,0.5836810032066114,0.0,0.2174338024081761,1.248109063975115,1.0306752615669388,0.0,-1.248109063975115,141.0,200
201,1.1277777777777778,3.0,0.6585270009501055,0.0,0.5771258085428765,0.0,0.20450358782494182,1.109319111848171,0.904815524023229,0.0,-1.109319111848171,142.0,201
202,1.113888888888889,3.0,0.6968940272292297,0.0,0.5712995527033379,0.0,0.19323514153167048,0.9861865534357572,0.7929514119040867,0.0,-0.9861865534357572,143.0,202
203,1.1,3.0,0.7319144602890557,0.0,0.5661200014773098,0.0,0.1833978099982179,0.8769018383625652,0.6935040283643473,0.0,-0.8769018383625652,144.0,203
204,1.0861111111111112,3.0,0.7637751465597905,0.0,0.5615144245951534,0.0,0.1747956853050561,0.7798726375320015,0.6050769522269455,0.0,-0.7798726375320015,145.0,204
205,1.0722222222222224,3.0,0.7926807077890161,0.0,0.5574184548602165,0.0,0.16726198054507688,0.6936963138612324,0.5264343333161555,0.0,-0.6936963138612324,146.0,205
206,1.0583333333333333,3.0,0.8188433449547547,0.0,0.5537750918672478,0.0,0.16065436514490813,0.6171361289960658,0.45648176385115774,0.0,-0.6171361289960658,147.0,206
207,1.0444444444444445,3.0,0.8424755657575961,0.0,0.5505338306855458,0.0,0.1548510905129093,0.549100639675389,0.3942495491624797,0.0,-0.549100639675389,148.0,207
208,1.0305555555555557,3.0,0.8637851127808718,0.0,0.5476498987544777,0.0,0.14974776715191904,0.48862582323788983,0.33887805608597077,0.0,-0.48862582323788983,149.0,208
209,1.0166666666666668,3.0,0.8829715401222167,0.0,0.54508358665764,0.0,0.14525467937276337,0.43485954319945097,0.2896048638266876,0.0,-0.43485954319945097,150.0,209
210,1.0027777777777778,3.0,0.9002240170536618,0.0,0.542799660485374,0.0,0.14129454412810397,0.3870480254472839,0.2457534813191799,0.0,-0.3870480254472839,151.0,210
211,0.9888888888888889,3.0,0.9157200374924425,0.0,0.5407668452256719,0.0,0.1378006371417365,0.34452406547463577,0.2067234283328993,0.0,-0.34452406547463577,152.0,211
212,0.9750000000000001,3.0,0.9296247909283937,0.0,0.5389573700918765,0.0,0.13471522314133763,0.30669672890536587,0.17198150576402824,0.0,-0.30669672890536587,153.0,212
213,0.9611111111111111,3.0,0.942091009414841,0.0,0.5373465679442643,0.0,0.13198823817691738,0.27304234270679095,0.14105410452987358,0.0,-0.27304234270679095,154.0,213
214,0.9472222222222223,3.0,0.9532591504539643,0.0,0.5359125220266866,0.0,0.1295761811760472,0.24309660408842937,0.1135204229123822,0.0,-0.24309660408842937,155.0,214
215,0.9333333333333333,3.0,0.9632578102797751,0.0,0.5346357541480709,0.0,0.12744117941613772,0.21644765905909757,0.08900647964295984,0.0,-0.21644765905909757,156.0,215
216,0.9194444444444445,3.0,0.9722042886015604,0.0,0.5334989492160378,0.0,0.1255501987802863,0.19273002372821152,0.06717982494792522,0.0,-0.19273002372821152,157.0,216
217,0.9055555555555557,3.0,0.9802052461893258,0.0,0.5324867116964569,0.0,0.12387437474799706,0.17161923931996892,0.04774486457197184,0.0,-0.17161923931996892,158.0,217
218,0.8916666666666667,3.0,0.9873574121980837,0.0,0.5315853501454066,0.0,0.12238844425266249,0.15282716704446953,0.030438722791807038,0.0,-0.15282716704446953,159.0,218
219,0.8777777777777778,3.0,0.9937483099457683,0.0,0.5307826864529462,0.0,0.12107026197561398,0.13609784187218127,0.015027579896567288,0.0,-0.13609784187218127,160.0,219
220,0.8638888888888889,3.0,0.999456978831768,0.0,0.5300678868632814,0.0,0.11990038747436413,0.12120381524936716,0.0013034277750030299,0.0,-0.12120381524936716,161.0,220
221,0.8500000000000001,3.0,1.0,0.0,0.5294313122033583,0.0,0.11886173186927626,0.11886173186927626,0.0,0.0,-0.11886173186927626,162.0,221
222,0.8361111111111111,3.0,1.0,0.0,0.5288070384015239,0.0,0.11784607642289809,0.11784607642289809,0.0,0.0,-0.11784607642289809,163.0,222
223,0.8222222222222222,3.0,1.0,0.0,0.5281880989245129,0.0,0.1168419718569125,0.1168419718569125,0.0,0.0,-0.1168419718569125,164.0,223
224,0.8083333333333333,3.0,1.0,0.0,0.5275744331059367,0.0,0.11584925429054173,0.11584925429054173,0.0,0.0,-0.11584925429054173,165.0,224
225,0.7944444444444445,3.0,1.0,0.0,0.5269659811401249,0.0,0.11486776262718273,0.11486776262718273,0.0,0.0,-0.11486776262718273,166.0,225
226,0.7805555555555557,3.0,1.0,0.0,0.5263626840675032,0.0,0.11389733849934593,0.11389733849934593,0.0,0.0,-0.11389733849934593,167.0,226
227,0.7666666666666667,3.0,1.0,0.0,0.5257644837602587,0.0,0.11293782621483554,0.11293782621483554,0.0,0.0,-0.11293782621483554,168.0,227
228,0.7527777777777778,3.0,1.0,0.0,0.52517132290829,0.0,0.11198907270414085,0.11198907270414085,0.0,0.0,-0.11198907270414085,169.0,228
229,0.7388888888888889,3.0,1.0,0.0,0.5245831450054321,0.0,0.1110509274690065,0.1110509274690065,0.0,0.0,-0.1110509274690065,170.0,229
230,0.7250000000000001,3.0,1.0,0.0,0.5239998943359521,0.0,0.11012324253215304,0.11012324253215304,0.0,0.0,-0.11012324253215304,171.0,230
231,0.7111111111111111,3.0,1.0,0.0,0.5234215159613084,0.0,0.10920587238811803,0.10920587238811803,0.0,0.0,-0.10920587238811803,172.0,231
232,0.6972222222222222,3.0,1.0,0.0,0.5228479557071691,0.0,0.10829867395519123,0.10829867395519123,0.0,0.0,-0.10829867395519123,173.0,232
233,0.6833333333333333,3.0,1.0,0.0,0.5222791601506818,0.0,0.1074015065284142,0.1074015065284142,0.0,0.0,-0.1074015065284142,174.0,233
234,0.6694444444444445,3.0,1.0,0.0,0.5217150766079905,0.0,0.10651423173362055,0.10651423173362055,0.0,0.0,-0.10651423173362055,175.0,234
235,0.6555555555555556,3.0,1.0,0.0,0.5211556531219946,0.0,0.10563671348248836,0.10563671348248836,0.0,0.0,-0.10563671348248836,176.0,235
236,0.6416666666666667,3.0,1.0,0.0,0.5206008384503429,0.0,0.10476881792858193,0.10476881792858193,0.0,0.0,-0.10476881792858193,177.0,236
237,0.6277777777777778,3.0,1.0,0.0,0.5200505820536592,0.0,0.10391041342435693,0.10391041342435693,0.0,0.0,-0.10391041342435693,178.0,237
238,0.6138888888888889,3.0,1.0,0.0,0.5195048340839934,0.0,0.10306137047910591,0.10306137047910591,0.0,0.0,-0.10306137047910591,179.0,238
239,0.6,3.0,1.0,0.0,0.5189635453734939,0.0,0.10222156171782126,0.10222156171782126,0.0,0.0,-0.10222156171782126,180.0,239
