,kc,LAI,stress,R,s,I,E,ET,T,L,dsdt,dos,doy
60,0.3,0.75,1.0,9.810569395857474,0.5206501784576445,0.75,0.5772271522430238,0.7607657247016706,0.18353857245864677,0.0,8.299803671155804,1.0,60
61,0.3,0.75,0.7448271031705385,0.0,0.5642415842935469,0.0,0.5540470685520636,0.7184066731610885,0.16435960460902485,0.0,-0.7184066731610885,2.0,61
62,0.3,0.75,0.7711056933643532,0.0,0.5604684400017345,0.0,0.5324502981404935,0.6786988101488187,0.14624851200832525,0.0,-0.6786988101488187,3.0,62
63,0.3,0.75,0.7963503070811206,0.0,0.5569038454106167,0.0,0.5123118554089132,0.641450313379873,0.12913845797095982,0.0,-0.641450313379873,4.0,63
64,0.3,0.75,0.8205831825523676,0.0,0.5535348836806804,0.0,0.49351804206232874,0.6064854837295944,0.11296744166726569,0.0,-0.6064854837295944,5.0,64
65,0.3,0.75,0.8438291878757973,0.0,0.5503495607619325,0.0,0.4759653019971893,0.5736431936544653,0.09767789165727603,0.0,-0.5736431936544653,6.0,65
66,0.3,0.75,0.8661151637825275,0.0,0.5473367288624869,0.0,0.4595592048016076,0.5427755033415443,0.08321629853993677,0.0,-0.5427755033415443,7.0,66
67,0.3,0.75,0.8874693776200894,0.0,0.5444860171852729,0.0,0.4442135420260419,0.5137464245153517,0.06953288248930978,0.0,-0.5137464245153517,8.0,67
68,0.3,0.75,0.9079210707684648,0.0,0.5417877691573562,0.0,0.42984952250658864,0.48643081446189806,0.05658129195530943,0.0,-0.48643081446189806,9.0,68
69,0.3,0.75,0.9275000845867807,0.0,0.5392329854679554,0.0,0.41639505483979466,0.4607133850859804,0.04431833024618576,0.0,-0.4607133850859804,10.0,69
70,0.3,0.75,0.9462365523854103,0.0,0.5368132723109912,0.0,0.4037841066645417,0.4364878137572992,0.03270370709275756,0.0,-0.4364878137572992,11.0,70
71,0.3,0.75,0.9641606469168142,0.0,0.5345207942975599,0.0,0.3919561317430488,0.41365594437133635,0.021699812628287594,0.0,-0.41365594437133635,12.0,71
72,0.3,0.75,0.9813023745475524,0.0,0.5323482315645172,0.0,0.3808555569828328,0.39212706849251505,0.01127151150968224,0.0,-0.39212706849251505,13.0,72
73,0.3,0.75,0.9976914086701338,0.0,0.5302887406585691,0.0,0.37043132253254646,0.3718172776936781,0.001385955161131669,0.0,-0.3718172776936781,14.0,73
74,0.3,0.75,1.0,0.0,0.5283359188219426,0.0,0.3606364689405313,0.3606364689405313,0.0,0.0,-0.3606364689405313,15.0,74
75,0.3,0.75,1.0,0.0,0.5264418197203642,0.0,0.35122010750218263,0.35122010750218263,0.0,0.0,-0.35122010750218263,16.0,75
76,0.3,0.75,1.0,0.0,0.524597176298609,0.0,0.3421297785829108,0.3421297785829108,0.0,0.0,-0.3421297785829108,17.0,76
77,0.3,0.75,1.0,0.0,0.5228002762010097,0.0,0.3333514571445446,0.3333514571445446,0.0,0.0,-0.3333514571445446,18.0,77
78,0.3,0.75,1.0,0.0,0.5210494807328135,0.0,0.32487183745245235,0.32487183745245235,0.0,0.0,-0.32487183745245235,19.0,78
79,0.3,0.75,1.0,0.0,0.519343221082328,0.0,0.3166782903255526,0.3166782903255526,0.0,0.0,-0.3166782903255526,20.0,79
80,0.3,0.75,1.0,0.0,0.517679994767593,0.0,0.3087588232699686,0.3087588232699686,0.0,0.0,-0.3087588232699686,21.0,80
81,0.3,0.75,1.0,8.905228191937331,0.5160583622924355,0.75,0.5235033689632035,0.6621774959989274,0.13867412703572393,0.0,7.493050695938404,22.0,81
82,0.3,0.75,0.8070318590115664,0.0,0.5554126201492549,0.0,0.5039641549468683,0.6259447316632915,0.12198057671642316,0.0,-0.6259447316632915,23.0,82
83,0.3,0.75,0.8308315550865311,0.0,0.5521250952980821,0.0,0.4857232653029421,0.5919237227337358,0.1062004574307938,0.0,-0.5919237227337358,24.0,83
84,0.3,0.75,0.8536558678418048,0.0,0.5490162522164973,0.0,0.46868123810130885,0.5599592487404957,0.09127801063918692,0.0,-0.5599592487404957,25.0,84
85,0.3,0.75,0.8755323208568627,0.0,0.5460752897756334,0.0,0.45274733032560455,0.5299087212486445,0.07716139092303997,0.0,-0.5299087212486445,26.0,85
86,0.3,0.75,0.8964896565818377,28.611276585250852,0.5432921557354619,0.75,1.415940051509603,2.1821275230377406,0.7661874715281375,0.0,25.679149062213114,27.0,86
87,0.3,0.75,0.1659368377754823,0.0,0.6781616361042282,0.0,1.3266259636805986,2.0378018169808936,0.7111758533002952,0.0,-2.0378018169808936,28.0,87
88,0.30357142857142855,0.75,0.2026480033455523,0.0,0.6674588954688243,0.0,1.2449890759543298,1.9047917742046865,0.6598026982503565,0.0,-1.9047917742046865,29.0,88
89,0.3214285714285714,0.75,0.24027746377567455,0.0,0.6574547369908585,0.0,1.1702595454450575,1.7820422830011784,0.6117827375561209,0.0,-1.7820422830011784,30.0,89
90,0.33928571428571425,0.75,0.2783817195974984,0.0,0.6480952712187935,0.0,1.101755832349814,1.6686131342000228,0.5668573018502087,0.0,-1.6686131342000228,31.0,90
91,0.3571428571428571,0.75,0.31660181972582946,0.0,0.6393315467744657,0.0,1.0388733071837937,1.5636647317012287,0.5247914245174351,0.0,-1.5636647317012287,32.0,91
92,0.37499999999999994,0.75,0.3546487301301804,11.908088803876586,0.6311190219230937,0.75,1.4167281716377684,2.183395833268868,0.7666676616310996,0.0,8.974692970607718,33.0,92
93,0.3928571428571428,0.75,0.16563267346452606,5.908387561606817,0.6782550144157813,0.75,1.541600290121029,2.3832677432228335,0.8416674531018044,0.0,2.775119818383984,34.0,93
94,0.41071428571428564,0.75,0.12157711883278695,0.0,0.6928302235459493,0.0,1.4412842934027303,2.2228693664232866,0.7815850730205562,0.0,-2.2228693664232866,35.0,94
95,0.4285714285714285,0.75,0.1563237961634424,0.0,0.6811554894786,0.0,1.3497696984941177,2.075316047991398,0.7255463494972801,0.0,-2.075316047991398,36.0,95
96,0.4464285714285714,0.75,0.1927009107632902,0.0,0.6702557203189814,0.0,1.2661552368104898,1.9393826943416004,0.6732274575311106,0.0,-1.9393826943416004,37.0,96
97,0.4642857142857142,0.75,0.2301317126799885,0.0,0.6600698868402965,0.0,1.1896452289858221,1.8139806858192453,0.6243354568334233,0.0,-1.8139806858192453,38.0,97
98,0.4821428571428571,0.75,0.26814717417864353,0.0,0.6505426773559517,0.0,1.1195356670657486,1.6981405183743168,0.5786048513085681,0.0,-1.6981405183743168,39.0,98
99,0.4999999999999999,0.75,0.3063672443066951,0.0,0.6416238721123891,0.0,1.0552023340891152,1.590996920228583,0.5357945861394677,0.0,-1.590996920228583,40.0,99
100,0.5178571428571428,0.75,0.3444854357522631,0.0,0.6332677958506844,0.0,0.9960906334456604,1.4917760535289453,0.49568542008328487,0.0,-1.4917760535289453,41.0,100
101,0.5357142857142856,0.75,0.3822561231457142,0.0,0.6254328375863517,0.0,0.941706857707906,1.399784478122394,0.4580776204144881,0.0,-1.399784478122394,42.0,101
102,0.5535714285714285,0.75,0.4194840540700621,0.0,0.6180810283525155,0.0,0.8916106731296458,1.3143996092217203,0.4227889360920745,0.0,-1.3143996092217203,43.0,102
103,0.5714285714285714,0.75,0.4560156707821604,0.0,0.6111776690603846,0.0,0.845408633868345,1.235061445358191,0.38965281148984604,0.0,-1.235061445358191,44.0,103
104,0.5892857142857142,0.75,0.4917319175681773,0.0,0.6046910018053521,0.0,0.8027485709401851,1.161265379605875,0.3585168086656898,0.0,-1.161265379605875,45.0,104
105,0.607142857142857,0.75,0.5265422700442285,0.0,0.5985919189292708,0.0,0.7633147263071388,1.0925559371676383,0.32924121086049957,0.0,-1.0925559371676383,46.0,105
106,0.6249999999999999,0.75,0.560379771873983,0.0,0.5928537049735584,0.0,0.7268235233960165,1.0285213072690966,0.3016977838730801,0.0,-1.0285213072690966,47.0,106
107,0.6428571428571428,0.75,0.5931969038762065,0.0,0.5874518073513467,0.0,0.6930198826110541,0.9687885578975182,0.27576867528646415,0.0,-0.9687885578975182,48.0,107
108,0.6607142857142856,0.75,0.6249621423364699,0.0,0.5823636321523051,0.0,0.6616740047034938,0.9130194390345583,0.2513454343310645,0.0,-0.9130194390345583,49.0,108
109,0.6785714285714284,0.75,0.6556570890830664,2.139080576462766,0.5775683619893085,0.75,0.6770168844099091,0.9403638600206762,0.26334697561076703,0.0,0.44871671644208966,50.0,109
110,0.6964285714285713,0.75,0.6404796582682699,0.0,0.5799250674328069,0.0,0.646823439391606,0.886463763069079,0.23964032367747307,0.0,-0.886463763069079,51.0,110
111,0.7142857142857142,0.75,0.6706347465568208,0.0,0.5752692703578642,0.0,0.6187841827909796,0.8360766805087277,0.2172924977177482,0.0,-0.8360766805087277,52.0,111
112,0.732142857142857,0.75,0.699711429190879,14.936163615237698,0.570878111321579,0.75,1.0821793409022336,1.6360286521005443,0.5538493111983108,0.0,12.550134963137154,53.0,112
113,0.7499999999999999,0.75,0.32813335786854353,0.0,0.6367926857078035,0.0,1.0208874712117086,1.5334923626091652,0.5126048913974565,0.0,-1.5334923626091652,54.0,113
114,0.7678571428571428,0.75,0.36608003683029344,0.0,0.6287386291814948,0.0,0.9645287474647395,1.4384741675359145,0.47394542007117496,0.0,-1.4384741675359145,55.0,114
115,0.7857142857142856,0.75,0.403562292094871,13.335066669409992,0.6211836177973776,0.75,1.397541355402032,2.152493309133898,0.7549519537318661,0.0,10.432573360276095,56.0,115
116,0.8035714285714284,0.75,0.173134066676855,1.2460495432089918,0.6759765451097521,0.75,1.3298663168120528,2.043059184007997,0.7131928671959441,0.0,-1.547009640799005,57.0,116
117,0.8214285714285712,0.75,0.20123659666276597,1.6474989393507562,0.6678514944753036,0.75,1.2837230191700468,1.968036216332615,0.6843131971625682,0.0,-1.0705372769818589,58.0,117
118,0.8392857142857142,0.75,0.2219204186740746,0.0,0.662228924743256,0.0,1.2057296412732337,1.8404284800408623,0.6346988387676287,0.0,-1.8404284800408623,59.0,118
119,0.857142857142857,0.75,0.25984380331032714,2.5196651092010858,0.6525628087766548,0.75,1.2029557457309226,1.8358706339731787,0.6329148882422563,0.0,-0.06620552477209296,60.0,119
120,0.875,0.75,0.26126372878088333,0.0,0.6522150906843645,0.0,1.1317398143254003,1.7183722496103495,0.5866324352849492,0.0,-1.7183722496103495,61.0,120
121,0.8928571428571428,0.75,0.29947150224980595,0.0,0.6431900263481757,0.0,1.066407303523126,1.6097194299943691,0.5433121264712432,0.0,-1.6097194299943691,62.0,121
122,0.9107142857142856,0.75,0.3376278528108544,28.230597681609886,0.6347356175771969,0.75,2.1760719258063546,3.371591067024208,1.1955191412178532,0.0,24.109006614585677,63.0,122
123,0.9285714285714284,0.75,0.005560057648372642,14.822519243389056,0.7613585514773318,0.75,2.7064808293235636,3.9064808293235638,1.2,1.332112789959467,8.833925624106026,64.0,123
124,0.9464285714285714,0.75,0.0,0.0,0.8077552196711659,0.0,2.4420098681491647,3.642009868149165,1.2,0.0,-3.642009868149165,65.0,124
125,0.9642857142857142,0.75,0.0,0.0,0.7886270165821472,0.0,2.263558263704761,3.463558263704761,1.2,0.0,-3.463558263704761,66.0,125
126,0.982142857142857,0.75,0.0014635033828833887,1.76897310674446,0.7704360593147902,0.75,2.146335109393509,3.326116591753522,1.179781482360013,0.0,-2.307143485009062,67.0,126
127,0.9999999999999998,0.75,0.007521254016434248,0.0,0.758318709078398,0.0,1.9902148302377323,3.086144633814043,1.0959298035763105,0.0,-3.086144633814043,68.0,127
128,1.0178571428571428,0.75,0.022970474516678146,0.0,0.7421099662537445,0.0,1.8489159929775825,2.8670438309955557,1.0181278380179732,0.0,-2.8670438309955557,69.0,128
129,1.0357142857142856,0.75,0.04485591405663568,0.0,0.7270519629396922,0.0,1.7207934835160856,2.666642905626608,0.9458494221105225,0.0,-2.666642905626608,70.0,129
130,1.0535714285714284,0.75,0.07172436967490912,0.0,0.7130464854941743,0.0,1.6044112976985228,2.483034428070559,0.8786231303720363,0.0,-2.483034428070559,71.0,130
131,1.0714285714285712,0.75,0.10238633443887855,42.46457875325162,0.7000053382879213,0.75,3.566031111070243,4.766031111070243,1.2,12.42834431221602,24.520203329965362,72.0,131
132,1.0892857142857142,0.75,0.0,0.0,0.8287879188024453,0.0,2.643370348305628,3.843370348305628,1.2,0.7383836211737075,-4.581753969479336,73.0,132
133,1.107142857142857,0.75,0.0,0.0,0.8047240849291295,0.0,2.413431621043544,3.613431621043544,1.2,0.0,-3.613431621043544,74.0,133
134,1.1249999999999998,0.75,0.0,35.15793516591393,0.7857459776757495,0.75,4.085530060734208,5.285530060734208,1.2,20.564511405200275,8.557893699979449,75.0,134
135,1.1428571428571428,0.75,0.0,11.298468511572432,0.8306928983689189,0.75,3.2182659404259573,4.418265940425957,1.2,7.390881458251454,-1.2606788871049792,76.0,135
136,1.1607142857142856,0.75,0.0,0.0,0.8240716857265609,0.0,2.5977572452568034,3.797757245256803,1.2,0.33263610649342124,-4.130393351750224,77.0,136
137,1.1785714285714284,0.75,0.0,0.0,0.8023784433329147,0.0,2.391393458128446,3.5913934581284463,1.2,0.0,-3.5913934581284463,78.0,137
138,1.1964285714285712,0.75,0.0,0.0,0.7835160827335006,0.0,2.2166461974992293,3.4166461974992295,1.2,0.0,-3.4166461974992295,79.0,138
139,1.2,0.75,0.0033309000853251405,0.0,0.7655715123684836,0.0,2.0545553044207887,3.1852985637895097,1.1307432593687212,0.0,-3.1852985637895097,80.0,139
140,1.2,0.75,0.01553313232825771,5.643798826504808,0.7488420031048832,0.75,2.1350963764678816,3.3089110710311056,1.1738146945632242,0.0,1.5848877554737024,81.0,140
141,1.2,0.75,0.008342269705940718,0.0,0.7571659934172451,0.0,1.9800519432353507,3.070448711638127,1.0903967684027764,0.0,-3.070448711638127,82.0,141
142,1.2,0.75,0.02428649562714436,7.663819350470187,0.7410396871586415,0.75,2.1605027836347546,3.3477912488148096,1.1872884651800553,0.0,3.5660281016553776,83.0,142
143,1.2,0.75,0.00654880619739289,0.0,0.759768826348008,0.0,2.0030243580012255,3.105914724471664,1.1028903664704384,0.0,-3.105914724471664,84.0,143
144,1.2,0.75,0.021367131778498583,0.0,0.743456249013598,0.0,1.8605196210370059,2.885109616302276,1.0245899952652702,0.0,-2.885109616302276,85.0,144
145,1.2,0.75,0.04276067747041055,8.961116672883657,0.7283033623733549,0.75,2.107013336889579,3.265872417614884,1.1588590807253047,0.0,4.945244255268773,86.0,145
146,1.2,0.75,0.010587353134612872,0.0,0.7542762838821195,0.0,1.9546512602574766,3.03117742289165,1.0765261626341736,0.0,-3.03117742289165,87.0,146
147,1.2,0.7589285714285714,0.027747251424035006,0.0,0.7383562343921424,0.0,1.8085984719836312,2.820614467602608,1.012015995618977,0.0,-2.820614467602608,88.0,147
148,1.2,0.8035714285714285,0.05099994267530025,26.067118582866428,0.7235420827765825,0.8035714285714285,2.8369358768123423,4.122650162526628,1.2857142857142856,3.538590751744353,17.60230624002402,89.0,148
149,1.2,0.8482142857142856,0.0,0.0,0.8159911701716667,0.0,2.3994528901358976,3.7565957472787543,1.3571428571428568,0.0,-3.7565957472787543,90.0,149
150,1.2,0.8928571428571428,0.0,0.0,0.7962611504905808,0.0,2.1733214672066303,3.6018928957780587,1.4285714285714284,0.0,-3.6018928957780587,91.0,150
151,1.2,0.9374999999999999,0.00011289948337532114,0.0,0.7773436457858641,0.0,1.9670931400806193,3.4511550147958037,1.4840618747151844,0.0,-3.4511550147958037,92.0,151
152,1.2,0.982142857142857,0.006910376352865431,0.0,0.7592178316325248,0.0,1.779179497073511,3.2199772959065234,1.4407977988330123,0.0,-3.2199772959065234,93.0,152
153,1.2,1.0267857142857142,0.022733177615809008,4.794243734575291,0.7423061861708309,1.0267857142857142,1.7620752435620073,3.2872594946813987,1.5251842511193916,0.0,0.480198525608178,94.0,153
154,1.2,1.0714285714285712,0.019792846318282264,0.0,0.7448282372507058,0.0,1.5943889329023058,3.0674968454785736,1.4731079125762676,0.0,-3.0674968454785736,95.0,154
155,1.2,1.1160714285714284,0.042078424403221674,0.0,0.7287174344908394,0.0,1.4446454351750868,2.8640556815382245,1.419410246363138,0.0,-2.8640556815382245,96.0,155
156,1.2,1.1607142857142856,0.07038382419286379,0.0,0.713675125239063,0.0,1.3107691325150852,2.675212920005267,1.3644437874901816,0.0,-2.675212920005267,97.0,156
157,1.2,1.2053571428571428,0.10336318308814754,0.0,0.6996246372138252,0.0,1.1909527699254019,2.49948568557491,1.3085329156495082,0.0,-2.49948568557491,98.0,157
158,1.2,1.2499999999999998,0.13988471779395692,0.0,0.686497086344209,0.0,1.0836175069106035,2.3355941976642756,1.2519766907536718,0.0,-2.3355941976642756,99.0,158
159,1.2,1.294642857142857,0.17899563683830683,0.0,0.6742303100959723,0.0,0.987379787581867,2.182430928377066,1.195051140795199,0.0,-2.182430928377066,100.0,159
160,1.2,1.339285714285714,0.21989360880051567,0.0,0.6627679627830676,0.0,0.90102373088876,2.0390348404579104,1.1380111095691503,0.0,-2.0390348404579104,101.0,160
161,1.2,1.3839285714285712,0.2619034308480643,0.0,0.6520587461840239,0.0,0.8234780121233394,1.9045697640389794,1.08109175191564,0.0,-1.9045697640389794,102.0,161
162,1.2,1.4285714285714284,0.3044578412823554,0.0,0.642055753725836,0.0,0.7537964159381281,1.7783061642886282,1.0245097483505001,0.0,-1.7783061642886282,103.0,162
163,1.2,1.4732142857142856,0.34708164866626956,0.0,0.6327159104260007,0.0,0.69114140436246,1.6596057026647522,0.9684642983022922,0.0,-1.6596057026647522,104.0,163
164,1.2,1.5178571428571423,0.3893785263534186,0.0,0.6239994939204085,0.0,0.6347701714998931,1.5479081124410041,0.9131379409411109,0.0,-1.5479081124410041,105.0,164
165,1.2,1.5624999999999998,0.43101995777941937,0.0,0.615869724422294,0.0,0.5840227578316111,1.4427200020545512,0.85869724422294,0.0,-1.4427200020545512,106.0,165
166,1.2,1.607142857142857,0.4717359242571762,0.0,0.6082924134871336,0.0,0.5383118774307966,1.343605273298456,0.8052933958676594,0.0,-1.343605273298456,107.0,166
167,1.2,1.651785714285714,0.5113070103443758,0.0,0.6012356631021627,0.0,0.4971141755304971,1.2501768997533595,0.7530627242228624,0.0,-1.2501768997533595,108.0,167
168,1.2,1.696428571428571,0.5495576674405563,0.0,0.5946696079563992,0.0,0.45996268530609075,1.1620898574041387,0.7021271720980481,0.0,-1.1620898574041387,109.0,168
169,1.2,1.7410714285714282,0.5863504281299319,0.0,0.5885661948397809,0.0,0.4264402941361223,1.0790350366365375,0.6525947425004152,0.0,-1.0790350366365375,110.0,169
170,1.2,1.7857142857142856,0.6215809049514761,0.0,0.58289899401711,0.0,0.3961740630774268,1.0007339947015406,0.6045599316241137,0.0,-1.0007339947015406,111.0,170
171,1.2,1.8303571428571423,0.6551734400651039,0.0,0.5776430381625851,0.0,0.36883027044996713,0.9269344317831065,0.5581041613331393,0.0,-0.9269344317831065,112.0,171
172,1.2,1.8749999999999998,0.6870772984683156,0.0,0.5727746850544806,0.0,0.3441100725357016,0.8574062931894683,0.5132962206537667,0.0,-0.8574062931894683,113.0,172
173,1.2,1.919642857142857,0.717263318372034,0.0,0.5682715007415107,0.0,0.3217456924442123,0.7919384158399144,0.4701927233957021,0.0,-0.7919384158399144,114.0,173
174,1.2,1.964285714285714,0.7457209491320748,0.0,0.5641121603221834,0.0,0.3014970629668086,0.7303356498742561,0.4288385869074475,0.0,-0.7303356498742561,115.0,174
175,1.2,2.008928571428571,0.7724556205856389,0.0,0.5602763638417514,0.0,0.28314886135045386,0.6724163964586856,0.3892675351082317,0.0,-0.6724163964586856,116.0,175
176,1.2,2.053571428571428,0.7974863984150761,0.0,0.5567447651208549,0.0,0.266507883868224,0.618010511170888,0.3515026273026641,0.0,-0.618010511170888,117.0,176
177,1.2,2.0982142857142856,0.8208438887726118,0.0,0.5534989115957978,0.0,0.2514007162420454,0.5669575290999009,0.31555681285785553,0.0,-0.5669575290999009,118.0,177
178,1.2,2.1428571428571423,0.8425683622637895,0.0,0.5505211934807773,0.0,0.2376716627080428,0.5191051733015599,0.2814335105935172,0.0,-0.5191051733015599,119.0,178
179,1.2,2.1875,0.8627080728367476,0.0,0.5477948007638573,0.0,0.22518090206691302,0.47430811276091533,0.24912721069400232,0.0,-0.47430811276091533,120.0,179
180,1.2,2.2321428571428568,0.8813177514286621,11.385272677250246,0.5453036867262475,2.2321428571428568,0.3479800583033483,1.2533635946767663,0.9053835363734178,0.0,7.899766225430621,121.0,180
181,1.2,2.276785714285714,0.5972565914879886,0.0,0.5867940555572907,0.0,0.3211030886919661,1.1486736125267727,0.8275705238348067,0.0,-1.1486736125267727,122.0,181
182,1.2,2.321428571428571,0.6351381906806727,5.560398551032202,0.5807611059116669,2.321428571428571,0.3455225827001743,1.3524283395273342,1.00690575682716,0.0,1.8865416400762969,123.0,182
183,1.2,2.3660714285714284,0.5735371397202784,0.0,0.5906694128448406,0.0,0.31784766495515204,1.2365559166055955,0.9187082516504436,0.0,-1.2365559166055955,124.0,183
184,1.2,2.4107142857142856,0.6135595387222524,0.0,0.5841748964761138,0.0,0.29325912679815264,1.1291003867153357,0.8358412599171832,0.0,-1.1291003867153357,125.0,184
185,1.2,2.4553571428571423,0.651282911315988,0.0,0.5782447473862223,0.0,0.27138840730038544,1.0295201519410215,0.758131744640636,0.0,-1.0295201519410215,126.0,185
186,1.2,2.4999999999999996,0.6866601348461634,0.0,0.57283760373107,0.0,0.2519118480102521,0.9373135077073709,0.6854016596971187,0.0,-0.9373135077073709,127.0,186
187,1.2,2.5446428571428568,0.7196825291774698,3.5641087894642682,0.5679147386695816,2.5446428571428568,0.2473950477308709,0.9520628658214398,0.704667818090569,0.0,0.06740306649997163,128.0,187
188,1.2,2.589285714285714,0.7172819802075923,0.0,0.5682687463717874,0.0,0.23019163665891076,0.8643594336771009,0.6341677970181901,0.0,-0.8643594336771009,129.0,188
189,1.2,2.633928571428571,0.7483700262571927,0.0,0.5637290434638194,0.0,0.214851231376179,0.783426535480562,0.568575304104383,0.0,-0.783426535480562,130.0,189
190,1.2,2.678571428571428,0.7771169444740633,0.0,0.5596144082984803,0.0,0.2011510625486746,0.708826633379765,0.5076755708310904,0.0,-0.708826633379765,131.0,190
191,1.2,2.7232142857142856,0.8035933473596524,0.0,0.5558915793416538,0.0,0.18889554556679033,0.6401487855213273,0.4512532399545369,0.0,-0.6401487855213273,132.0,191
192,1.2,2.7678571428571423,0.8278855933662363,0.0,0.5525294533672771,0.0,0.17791289820058578,0.5770060721352082,0.39909317393462235,0.0,-0.5770060721352082,133.0,192
193,1.2,2.8124999999999996,0.8500916762873801,0.0,0.5494989592909367,0.0,0.16805218693588486,0.5190334541727455,0.3509812672368606,0.0,-0.5190334541727455,134.0,193
194,1.2,2.8571428571428568,0.8703177600034366,0.9745898898548686,0.5467729432501135,0.9745898898548686,0.15918074679673738,0.4658859947988122,0.3067052480020748,0.0,-0.4658859947988122,135.0,194
195,1.2,2.901785714285714,0.8886752731062532,13.978797686980217,0.5443260630253298,2.901785714285714,0.2688833593797053,1.6153796592395855,1.3464962998598802,0.0,9.461632313454917,136.0,195
196,1.1972222222222224,2.946428571428571,0.5534198822739946,0.0,0.5940195100497779,0.0,0.24482707483441146,1.452052121487366,1.2072250466529546,0.0,-1.452052121487366,137.0,196
197,1.1833333333333333,2.991071428571428,0.5997375755648764,0.0,0.5863931858823023,0.0,0.22385755900118054,1.3033842601766805,1.0795267011754999,0.0,-1.3033842601766805,138.0,197
198,1.1694444444444445,3.0,0.6428981194790283,0.0,0.5795476803141474,0.0,0.20924996060666573,1.1605654226382949,0.9513154620316292,0.0,-1.1605654226382949,139.0,198
199,1.1555555555555557,3.0,0.6825914119499122,0.0,0.5734522736826437,0.0,0.1973738601760829,1.031657514882842,0.8342836547067591,0.0,-1.031657514882842,140.0,199
200,1.1416666666666668,3.0,0.7188740110660609,0.0,0.5680339043817885,0.0,0.18701284369496837,0.9172638078253065,0.7302509641303381,0.0,-0.9172638078253065,141.0,200
201,1.1277777777777778,3.0,0.7519224674755044,35.992984318694745,0.5632163423658992,3.0,0.5846390129523692,4.549416415153575,3.9647774022012063,0.0,28.44356790354117,142.0,201
202,1.113888888888889,3.0,0.07267374463759001,0.0,0.7126048292542457,0.0,0.5196989960319575,4.025711717713475,3.5060127216815173,0.0,-4.025711717713475,143.0,202
203,1.1,3.0,0.1254253805216335,0.0,0.6914613853586917,0.0,0.46439949105397604,3.5644580899408567,3.1000585988868807,0.0,-3.5644580899408567,144.0,203
204,1.0861111111111112,3.0,0.1840736328023114,0.0,0.6727404920291704,0.0,0.4171976787512712,3.1578151257113425,2.7406174469600715,0.0,-3.1578151257113425,145.0,204
205,1.0722222222222224,3.0,0.24540004232989293,0.0,0.6561553285537957,0.0,0.376813338359329,2.798995646592205,2.422182308232876,0.0,-2.798995646592205,146.0,205
206,1.0583333333333333,3.0,0.3071167085940263,0.0,0.6414547211662316,0.0,0.34218191976813717,2.4821125661597834,2.139930646391646,0.0,-2.4821125661597834,147.0,206
207,1.0444444444444445,3.0,0.36763162731966537,0.0,0.6284184156716949,0.0,0.31241636768650055,2.2020499485830416,1.889633580896541,0.0,-2.2020499485830416,148.0,207
208,1.0305555555555557,3.0,0.42587095529042207,0.0,0.6168530272862798,0.0,0.2867759917501144,1.9543541156466857,1.6675781238965712,0.0,-1.9543541156466857,149.0,208
209,1.0166666666666668,3.0,0.4811444270858385,0.0,0.6065885623931775,0.0,0.2646410258425964,1.7351414237916036,1.4705003979490072,0.0,-1.7351414237916036,150.0,209
210,1.0027777777777778,3.0,0.5330435296301862,0.0,0.5974754246631796,0.0,0.24549179391440898,1.5410199474474569,1.2955281535330478,0.0,-1.5410199474474569,151.0,210
211,0.9888888888888889,3.0,0.5813645724834113,0.0,0.5893818325022161,0.0,0.22889161533821425,1.3690227993807629,1.1401311840425485,0.0,-1.3690227993807629,152.0,211
212,0.9750000000000001,3.0,0.6260506939109651,0.12412334766618664,0.5821915867071491,0.12412334766618664,0.2144727533461687,1.216551218123431,1.0020784647772623,0.0,-1.216551218123431,153.0,212
213,0.9611111111111111,3.0,0.6671482758503131,24.72794842232658,0.5758021370321311,3.0,0.4604485041627637,3.5309031575991696,3.0704546534364057,0.0,18.19704526472741,154.0,213
214,0.9472222222222223,3.0,0.1887907583353076,0.0,0.6713748537586406,0.0,0.4138208704266579,3.1282180625925564,2.7143971921658987,0.0,-3.1282180625925564,155.0,214
215,0.9333333333333333,3.0,0.25021949998573007,0.0,0.6549451370433436,0.0,0.3739205500478869,2.7728671812800827,2.398946631232196,0.0,-2.7728671812800827,156.0,215
216,0.9194444444444445,3.0,0.3118920515618274,0.0,0.640381758990402,0.0,0.3396980947587843,2.459027867374501,2.1193297726157168,0.0,-2.459027867374501,157.0,216
217,0.9055555555555557,3.0,0.3722625380364362,0.0,0.6274666966617544,0.0,0.31027889171633793,2.181639467622021,1.8713605759056833,0.0,-2.181639467622021,158.0,217
218,0.8916666666666667,3.0,0.4302913607221751,0.0,0.6160085061805463,0.0,0.2849325217161002,1.9362958403825878,1.6513633186664876,0.0,-1.9362958403825878,159.0,218
219,0.8777777777777778,3.0,0.4853135027005112,0.0,0.6058388851701335,0.0,0.26304771325277343,1.7191543085193364,1.4561065952665628,0.0,-1.7191543085193364,160.0,219
220,0.8638888888888889,3.0,0.5369388977807676,0.0,0.5968097133816916,0.0,0.24411182842748544,1.5268583253559644,1.282746496928479,0.0,-1.5268583253559644,161.0,220
221,0.8500000000000001,3.0,0.5849771693766829,0.0,0.5887904994880153,0.0,0.22769402850675238,1.356471618676646,1.1287775901698935,0.0,-1.356471618676646,162.0,221
222,0.8361111111111111,3.0,0.6293809060980609,8.022774654792515,0.5816661737596716,3.0,0.2677483525473737,1.76623717324996,1.4984888207025862,0.0,3.2565374815425554,163.0,222
223,0.8222222222222222,3.0,0.5255099516783169,0.0,0.5987698370030673,0.0,0.24818241696556778,1.5685632874244593,1.3203808704588915,0.0,-1.5685632874244593,164.0,223
224,0.8083333333333333,3.0,0.5743724878984875,0.0,0.5905315844430649,0.0,0.2312261160066301,1.3934325373134748,1.1622064213068448,0.0,-1.3934325373134748,165.0,224
225,0.7944444444444445,3.0,0.619601115957756,0.0,0.5832131362428891,0.0,0.21650219739806345,1.2381944132615328,1.0216922158634694,0.0,-1.2381944132615328,166.0,225
226,0.7805555555555557,3.0,0.661229092415129,0.0,0.5767100143244986,0.0,0.2036923735647567,1.10052464859513,0.8968322750303734,0.0,-1.10052464859513,167.0,226
227,0.7666666666666667,3.0,0.6993645870097074,0.0,0.5709299478928015,0.0,0.19252750227203924,0.9783825018138275,0.7858549995417882,0.0,-0.9783825018138275,168.0,227
228,0.7527777777777778,3.0,0.7341652964165549,0.0,0.5657913843328549,0.0,0.18277947814938753,0.8699740573402015,0.687194579190814,0.0,-0.8699740573402015,169.0,228
229,0.7388888888888889,3.0,0.7658196623852025,0.0,0.5612221928552278,0.0,0.17425452703703656,0.7737206298574095,0.5994661028203729,0.0,-0.7737206298574095,170.0,229
230,0.7250000000000001,3.0,0.794533102898564,15.241291244003367,0.5571585340849683,3.0,0.2968820103314461,2.052741788527882,1.7558597781964358,0.0,10.188549455475485,171.0,230
231,0.7111111111111111,3.0,0.4587633401749931,23.399038478877582,0.6106698232418774,3.0,0.5336215683321754,4.139528071605892,3.6059065032737165,0.0,16.25951040727169,172.0,231
232,0.6972222222222222,3.0,0.11271755641453378,0.0,0.6960664115153632,0.0,0.4762664601700122,3.664741561264985,3.188475101094973,0.0,-3.664741561264985,173.0,232
233,0.6833333333333333,3.0,0.17034169687033512,0.0,0.6768188192818286,0.0,0.42733642346369943,3.2462577536748087,2.818921330211109,0.0,-3.2462577536748087,174.0,233
234,0.6694444444444445,3.0,0.23128733126529563,0.0,0.6597691462058055,0.0,0.385495744873776,2.8770633520252415,2.4915676071514654,0.0,-2.8770633520252415,175.0,234
235,0.6555555555555556,3.0,0.2930770621225212,0.0,0.6446585193569334,0.0,0.349634260096688,2.5510778317498093,2.201443571653121,0.0,-2.5510778317498093,176.0,235
236,0.6416666666666667,3.0,0.35397739525516875,0.0,0.6312600013330374,0.0,0.31882734360111975,2.263019369195437,1.9441920255943173,0.0,-2.263019369195437,177.0,236
237,0.6277777777777778,3.0,0.4128093576375691,0.0,0.619374395402389,0.0,0.292303300103412,2.008291691829281,1.715988391725869,0.0,-2.008291691829281,178.0,237
238,0.6138888888888889,3.0,0.4688050798289941,0.0,0.6088266449200924,0.0,0.26941672860513755,1.7828883110709115,1.5134715824657738,0.0,-1.7828883110709115,179.0,238
239,0.6,3.0,0.5214992606802898,0.0,0.5994627357232915,0.0,0.2496267193631626,1.583311245250358,1.3336845258871952,0.0,-1.583311245250358,180.0,239
