,kc,LAI,stress,R,s,E,ET,T,L,dsdt,dos,doy
60,0.3,0.75,0.9618686513708246,0.0,0.5348127435801842,0.39345591453164447,0.4165570837165283,0.023101169184883828,0.0,-0.4165570837165283,1.0,60
61,0.3,0.75,0.9791106951108045,0.0,0.5326249437707486,0.3822634863103906,0.39486321640998395,0.012599730099593387,0.0,-0.39486321640998395,2.0,61
62,0.3,0.75,0.9955962003477368,0.0,0.5305510823400239,0.371753814869537,0.3743990101016516,0.0026451952321146165,0.0,-0.3743990101016516,3.0,62
63,0.3,0.75,1.0,3.729111039877968,0.528584700984448,0.4640794989180257,0.5512972663293754,0.08721776741134964,0.0,3.1778137735485927,4.0,63
64,0.3,0.75,0.8815339658151554,0.0,0.5452748993749343,0.4484427730295664,0.5217622900292511,0.07331951699968471,0.0,-0.5217622900292511,5.0,64
65,0.3,0.75,0.90223742988166,0.0,0.542534551213016,0.433809224239914,0.49397507006239055,0.06016584582247653,0.0,-0.49397507006239055,6.0,65
66,0.3,0.75,0.9220597488501052,0.0,0.5399401443324362,0.4201049379117837,0.46781763070747734,0.04771269279569363,0.0,-0.46781763070747734,7.0,66
67,0.3,0.75,0.9410310014215825,22.46892207508865,0.5374831189610734,1.1557811974360952,1.7581435821069442,0.602362384670849,0.0,20.710778492981706,8.0,67
68,0.3,0.75,0.2861898362230915,0.0,0.6462582160880781,1.088472531049469,1.6465119682722436,0.5580394372227747,0.0,-1.6465119682722436,9.0,68
69,0.3,0.75,0.32439600007548597,0.0,0.637610569195892,1.0266700972639733,1.5432008294042547,0.5165307321402813,0.0,-1.5432008294042547,10.0,69
70,0.3,0.75,0.3623774025725996,0.0,0.6295055228229705,0.9698490608132757,1.4474755703635338,0.47762650955025804,0.0,-1.4474755703635338,11.0,70
71,0.3,0.75,0.3999133928282911,0.0,0.6219032351634981,0.9175417874063844,1.3586773161911752,0.44113552878479073,0.0,-1.3586773161911752,12.0,71
72,0.3,0.75,0.43682939078736205,0.0,0.6147673248893848,0.8693308356048841,1.276213995073931,0.40688315946904685,0.0,-1.276213995073931,13.0,72
73,0.3,0.75,0.4729889469109731,0.0,0.6080645202934083,0.8248429017469067,1.1995525991552665,0.3747096974083597,0.0,-1.1995525991552665,14.0,73
74,0.3,0.75,0.5082871561456822,0.0,0.6017643490793575,0.7837435755379466,1.1282124511188625,0.3444688755809158,0.0,-1.1282124511188625,15.0,74
75,0.3,0.75,0.5426451870527863,0.0,0.5958388635167584,0.7457327870803004,1.0617593319607406,0.31602654488044024,0.0,-1.0617593319607406,16.0,75
76,0.3,0.75,0.5760057312924773,0.0,0.5902623964371326,0.7105408452005362,0.9998003480987727,0.2892595028982365,0.0,-0.9998003480987727,17.0,76
77,0.3,0.75,0.6083292143214704,0.0,0.5850113441887147,0.6779249827228101,0.9419794348286405,0.2640544521058304,0.0,-0.9419794348286405,18.0,77
78,0.3,0.75,0.6395906369533209,0.0,0.5800639732074718,0.6476663374363396,0.8879734088322042,0.24030707139586463,0.0,-0.8879734088322042,19.0,78
79,0.3,0.75,0.6697769407425774,0.0,0.575400247320748,0.6195673084086766,0.8374884955482669,0.21792118713959033,0.0,-0.8374884955482669,20.0,79
80,0.3,0.75,0.6988848090845748,0.0,0.5710016732895071,0.5934492363976958,0.7902572681873299,0.19680803178963407,0.0,-0.7902572681873299,21.0,80
81,0.3,0.75,0.7269188313383195,0.0,0.5668511624271787,0.5691503647339268,0.7460359443843844,0.17688557965045762,0.0,-0.7460359443843844,22.0,81
82,0.3,0.75,0.7538899698668254,0.0,0.5629329064167565,0.5465240434399963,0.7046019942404275,0.15807795080043122,0.0,-0.7046019942404275,23.0,82
83,0.3,0.75,0.77981428019296,0.0,0.5592322656907038,0.5254371447363501,0.6657520200517283,0.14031487531537826,0.0,-0.6657520200517283,24.0,83
84,0.3,0.75,0.8047118429242978,0.0,0.5557356689467347,0.5057686626241396,0.6292998735684657,0.12353121094432619,0.0,-0.6292998735684657,25.0,84
85,0.3,0.75,0.8286058730557132,0.0,0.5524305225519422,0.48740847307806157,0.5950749813273842,0.10766650824932267,0.0,-0.5950749813273842,26.0,85
86,0.3,0.75,0.851521977992604,0.0,0.5493051287424496,0.4702562346397647,0.5629208526035228,0.0926646179637581,0.0,-0.5629208526035228,27.0,86
87,0.3,0.75,0.8734875403754798,0.0,0.5463486116594479,0.4542204119714476,0.5326937479367975,0.0784733359653499,0.0,-0.5326937479367975,28.0,87
88,0.30357142857142855,0.75,0.8945312057094493,0.0,0.5435508503782672,0.43921740728820713,0.5042614891038897,0.06504408181568255,0.0,-0.5042614891038897,29.0,88
89,0.3214285714285714,0.75,0.9146824580566313,0.0,0.5409024181875955,0.42517078660172997,0.47750239390218846,0.052331607300458494,0.0,-0.47750239390218846,30.0,89
90,0.33928571428571425,0.75,0.9339712697547639,17.151577899238443,0.5383945274633194,0.9627113889047967,1.4353978408775978,0.47268645197280124,0.0,15.716180058360845,31.0,90
91,0.3571428571428571,0.75,0.40481411363052566,0.0,0.6209374899547104,0.910966475792083,1.3474664275746928,0.4364999517826099,0.0,-1.3474664275746928,32.0,91
92,0.37499999999999994,0.75,0.44163754590599086,0.0,0.6138604603981207,0.863266315791065,1.2657965257020443,0.4025302099109792,0.0,-1.2657965257020443,33.0,92
93,0.3928571428571428,0.75,0.4776890446039153,0.0,0.6072123694017865,0.8192430114843201,1.189862384612895,0.3706193731285749,0.0,-1.189862384612895,34.0,93
94,0.41071428571428564,0.75,0.5128674298356404,4.645959452124624,0.6009630921716768,0.9412345292633235,1.3989823998921944,0.45774787062887085,0.0,3.24697705223243,35.0,94
95,0.4285714285714285,0.75,0.41981824507144816,0.0,0.6180165430762589,0.8911753128024221,1.3136547195684645,0.4224794067660424,0.0,-1.3136547195684645,36.0,95
96,0.4464285714285714,0.75,0.45634296410909825,1.2396581808303027,0.6111170960197018,0.8885530019076763,1.3091669497139327,0.4206139478062564,0.0,-0.06950876888363,37.0,96
97,0.4642857142857142,0.75,0.45831801123888516,0.0,0.6107520289562374,0.8425868650511453,1.2301966040410846,0.3876097389899392,0.0,-1.2301966040410846,38.0,97
98,0.4821428571428571,0.75,0.49397893579009283,0.0,0.6042909123383745,0.8001415361107956,1.1567379153349933,0.3565963792241975,0.0,-1.1567379153349933,39.0,98
99,0.4999999999999999,0.75,0.5287290418592678,6.139895144526093,0.5982156081611949,0.9765049211394518,1.4587271128642652,0.4822221917248134,0.0,4.681168031661828,40.0,99
100,0.5178571428571428,0.75,0.3953815185981657,0.0,0.6228015747140406,0.9236723003131365,1.3691198589405313,0.4454475586273949,0.0,-1.3691198589405313,41.0,100
101,0.5357142857142856,0.75,0.43238084447603414,0.0,0.6156108191523781,0.8749842652631532,1.285916197194568,0.4109319319314149,0.0,-1.285916197194568,42.0,101
102,0.5535714285714285,0.75,0.46863850766486964,0.0,0.6088570576124906,0.8300624430496368,1.2085763195895918,0.378513876539955,0.0,-1.2085763195895918,43.0,102
103,0.5714285714285714,0.75,0.504046081720067,0.0,0.6025094929087638,0.7885679523744652,1.1366135183365311,0.34804556596206593,0.0,-1.1366135183365311,44.0,103
104,0.5892857142857142,0.75,0.5385218260520572,10.673422670487238,0.5965398840939711,1.1345385917403155,1.7230079178406346,0.5884693261003192,0.0,8.950414752646603,45.0,104
105,0.607142857142857,0.75,0.29790477937878734,0.0,0.6435483649377033,1.0689765596630463,1.614008711364022,0.5450321517009756,0.0,-1.614008711364022,46.0,105
106,0.6249999999999999,0.75,0.33606865372437195,1.4495984251528158,0.6350714284284384,1.062788847194302,1.6036762017639026,0.5408873545696004,0.0,-0.1540777766110868,47.0,106
107,0.6428571428571428,0.75,0.3398321183311571,0.0,0.6342621964084222,1.0030654333287878,1.5035239760892143,0.5004585427604263,0.0,-1.5035239760892143,48.0,107
108,0.6607142857142856,0.75,0.3776567721792124,0.25244467045291763,0.6263655368701385,0.9572793966221236,1.4261981249547444,0.4689187283326209,0.0,-1.1737534545018269,49.0,108
109,0.6785714285714284,0.75,0.4085722148794623,0.0,0.620200865365402,0.9059617482141239,1.3389259019680533,0.4329641537539293,0.0,-1.3389259019680533,50.0,109
110,0.6964285714285713,0.75,0.4453229678769513,0.0,0.6131686915105278,0.858649739638945,1.2578594588894783,0.39920971925053317,0.0,-1.2578594588894783,51.0,110
111,0.7142857142857142,0.75,0.48129024581917146,37.428327784460066,0.6065622867894696,2.398537779533278,3.5985377795332782,1.2,0.0,33.829790004926785,52.0,111
112,0.732142857142857,0.75,0.0,0.0,0.7842397553027405,2.223268700121916,3.423268700121916,1.2,0.0,-3.423268700121916,53.0,112
113,0.7499999999999999,0.75,0.0030204244616218096,0.0,0.7662604028861337,2.060701943066168,3.19475187691961,1.1340499338534418,0.0,-3.19475187691961,54.0,113
114,0.7678571428571428,0.75,0.014902311612829327,3.3228781921428157,0.7494812438686989,2.066712101043893,3.203992110071029,1.1372800090271362,0.0,0.11888608207178653,55.0,114
115,0.7857142857142856,0.75,0.01429875883790815,3.9696710801098685,0.7501056455602524,2.102749983586699,3.2593328237912855,1.1565828402045863,0.0,0.7103382563185829,56.0,115
116,0.8035714285714284,0.75,0.010952531958200921,0.0,0.7538364137131861,1.9507943763937101,3.025209162217003,1.074414785823293,0.0,-3.025209162217003,57.0,116
117,0.8214285714285712,0.75,0.028294321332815214,0.0,0.7379477101301136,1.8131948959687298,2.811343904593275,0.9981490086245453,0.0,-2.811343904593275,58.0,117
118,0.8392857142857142,0.75,0.05165211026584154,0.0,0.7231822484463254,1.6883659685053942,2.615640761047756,0.9272747925423617,0.0,-2.615640761047756,59.0,118
119,0.857142857142857,0.75,0.07964894253406023,0.0,0.709444639407209,1.5749225512060274,2.4362568203606307,0.8613342691546032,0.0,-2.4362568203606307,60.0,119
120,0.875,0.75,0.11115776601547575,0.0,0.6966491729137183,1.4716515758909257,2.2715676058767733,0.7999160299858478,0.0,-2.2715676058767733,61.0,120
121,0.8928571428571428,0.75,0.14525650716074426,0.0,0.6847186707820125,1.3774879098919337,2.1201375296455938,0.7426496197536601,0.0,-2.1201375296455938,62.0,121
122,0.9107142857142856,0.75,0.18119156166916933,0.0,0.6735834946809327,1.2914940495644451,1.980694824032922,0.6892007744684768,0.0,-1.980694824032922,63.0,122
123,0.9285714285714284,0.75,0.21834803497979763,11.2753909899262,0.6631806857311799,1.6818373595189682,2.605358205396519,0.923520845877551,0.0,8.670032784529681,64.0,123
124,0.9464285714285714,0.75,0.081301233252306,8.493371369031221,0.7087165722045501,1.9463100045401227,3.0182681570639267,1.071958152523804,0.0,5.475103211967294,65.0,124
125,0.9642857142857142,0.75,0.02893759393419811,0.0,0.7374723663850505,1.8091302246179133,2.8049975832661556,0.9958673586482424,0.0,-2.8049975832661556,66.0,125
126,0.982142857142857,0.75,0.052458888768727896,10.877739193603487,0.7227402362208375,2.183391467267388,3.382773320293883,1.1993818530264946,0.0,7.494965873309605,67.0,126
127,0.9999999999999998,0.75,0.005123952497922285,0.0,0.7621045527823376,2.0237143740775005,3.1378162274327206,1.1141018533552203,0.0,-3.1378162274327206,68.0,127
128,1.0178571428571428,0.75,0.01890688191412055,22.10341320570067,0.7456244255374178,2.969083137678598,4.169083137678598,1.2,4.186514597960798,13.747815470061273,69.0,128
129,1.0357142857142856,0.75,0.0,0.0,0.8178293387205128,2.537792721143764,3.737792721143764,1.2,0.0,-3.737792721143764,70.0,129
130,1.0535714285714284,0.75,0.0,0.0,0.7981980744287913,2.352284817999818,3.5522848179998183,1.2,0.0,-3.5522848179998183,71.0,130
131,1.0714285714285712,0.75,3.369187252215206e-06,0.2911365994789393,0.7795411163510612,2.194312093241331,3.3943120932413313,1.2,0.0,-3.103175493762392,72.0,131
132,1.0892857142857142,0.75,0.0044927926080713405,12.55615877018271,0.7632429257325613,2.647262943119685,3.847262943119685,1.2,0.7739216089977272,7.934974218065297,73.0,132
133,1.107142857142857,0.75,0.0,0.0,0.8049182104913075,2.415258519400405,3.615258519400405,1.2,0.0,-3.615258519400405,74.0,133
134,1.1249999999999998,0.75,0.0,6.640901766608404,0.7859305081835323,2.5663592345798194,3.766359234579819,1.2,0.0648133866435481,2.8097291453850364,75.0,134
135,1.1428571428571428,0.75,0.0,0.0,0.800687488989126,2.3755481743353135,3.5755481743353137,1.2,0.0,-3.5755481743353137,76.0,135
136,1.1607142857142856,0.75,0.0,0.0,0.7819083494180372,2.2019570291415964,3.401957029141596,1.2,0.0,-3.401957029141596,77.0,136
137,1.1785714285714284,0.75,0.004075071641874279,0.0,0.7640409280464953,2.0409205628185476,3.164317017441725,1.1233964546231772,0.0,-3.164317017441725,78.0,137
138,1.1964285714285712,0.75,0.01698161768556966,2.5473145761915568,0.7474216159800996,2.0121530907207035,3.119994861951019,1.1078417712303155,0.0,-0.5726802857594624,79.0,138
139,1.2,0.75,0.020261994976611426,8.903275454299175,0.7444138413700184,2.287065266490387,3.4870652664903874,1.2,0.0,5.416210187808788,80.0,139
140,1.2,0.75,0.0008155997000815459,28.867014924570256,0.7728603234488461,3.623827897542311,4.823827897542311,1.2,13.30867666168275,10.734510365345194,81.0,140
141,1.2,0.75,0.0,16.004922429083003,0.8292390543592726,3.5040932542364076,4.704093254236407,1.2,11.495967223481601,-0.19513804863500717,82.0,141
142,1.2,0.75,0.0,0.0,0.8282141696500551,2.637807197560826,3.837807197560826,1.2,0.687842412529785,-4.525649610090611,83.0,142
143,1.2,0.75,0.0,0.8787797115702423,0.8044450015298313,2.454350299992001,3.654350299992001,1.2,0.0,-2.7755705884217585,84.0,143
144,1.2,0.75,0.0,0.0,0.7898674249099692,2.274992981069497,3.474992981069497,1.2,0.0,-3.474992981069497,85.0,144
145,1.2,0.75,0.0011245529373837223,0.0,0.7716164113539319,2.108699239000308,3.268458013499181,1.1597587744988729,0.0,-3.268458013499181,86.0,145
146,1.2,0.75,0.010444725311777838,0.0,0.7544501402746294,1.9561763735334647,3.033537046851686,1.077360673318221,0.0,-3.033537046851686,87.0,146
147,1.2,0.7589285714285714,0.027532502330778717,3.0587678966577565,0.7385176978016689,1.9486204501639044,3.0394504899112382,1.090830039747334,0.0,0.019317406746518273,88.0,147
148,1.2,0.8035714285714285,0.027397989631352468,7.583791536317774,0.7386191547698754,2.1131041913210358,3.3908470107703703,1.2777428194493348,0.0,4.192944525547404,89.0,148
149,1.2,0.8482142857142856,0.00599638226997048,0.0,0.7606409222359857,1.9143846539972358,3.1664353747068716,1.252050720709636,0.0,-3.1664353747068716,90.0,149
150,1.2,0.8928571428571428,0.020723923794895925,0.0,0.7440104843436176,1.7367147636147329,2.959631817006833,1.2229170533921003,0.0,-2.959631817006833,91.0,150
151,1.2,0.9374999999999999,0.042491721354453636,0.0,0.7284661995904305,1.5776374323951776,2.76843462993776,1.1907971975425824,0.0,-2.76843462993776,92.0,151
152,1.2,0.982142857142857,0.06985216049165682,0.0,0.7139261017441187,1.4350234129418833,2.591130338190629,1.156106925248746,0.0,-2.591130338190629,93.0,152
153,1.2,1.0267857142857142,0.10158951686745381,0.0,0.7003172239174873,1.3070203716630953,2.4262478431208683,1.1192274714577732,0.0,-2.4262478431208683,94.0,153
154,1.2,1.0714285714285712,0.13668008466663914,11.388983022735815,0.6875743255817685,1.61329038168195,3.1039674986148857,1.4906771169329358,0.0,8.28501552412093,95.0,154
155,1.2,1.1160714285714284,0.038278041957662316,12.357525488320585,0.7310880625782019,1.941716251442216,3.7274305371565015,1.7857142857142854,0.0,8.630094951164082,96.0,155
156,1.2,1.1607142857142856,0.00020572835889469052,0.0,0.7764141915233914,1.7524996664060282,3.583005089151221,1.830505422745193,0.0,-3.583005089151221,97.0,156
157,1.2,1.2053571428571428,0.008031108122265825,0.0,0.7575958874837316,1.5798909437248156,3.335630647170745,1.7557397034459294,0.0,-3.335630647170745,98.0,157
158,1.2,1.2499999999999998,0.025501766151334416,3.4692127032519675,0.7400768189586752,1.549834939668031,3.3762147309698674,1.8263797913018363,0.0,0.09299797228210016,99.0,158
159,1.2,1.294642857142857,0.024881587468270756,0.0,0.7405652536870475,1.39803457595216,3.142718106501982,1.7446835305498218,0.0,-3.142718106501982,100.0,159
160,1.2,1.339285714285714,0.050069645166304313,0.0,0.7240593812789489,1.2629518102805122,2.926317935528645,1.6633661252481324,0.0,-2.926317935528645,101.0,160
161,1.2,1.3839285714285712,0.08136171066571288,0.0,0.7086900643906682,1.1426227096171695,2.7253061370773723,1.582683427460203,0.0,-2.7253061370773723,102.0,161
162,1.2,1.4285714285714284,0.11730219007314348,0.0,0.6943764817379509,1.0353360744715945,2.5382067646471445,1.50287069017555,0.0,-2.5382067646471445,103.0,162
163,1.2,1.4732142857142856,0.15667168691996286,0.0,0.6810455638564007,0.9395965745106667,2.363740462299587,1.4241438877889203,0.0,-2.363740462299587,104.0,163
164,1.2,1.5178571428571423,0.19844900703275273,0.0,0.6686309605880205,0.8540940322856606,2.2007947922835736,1.3467007599979128,0.0,-2.2007947922835736,105.0,164
165,1.2,1.5624999999999998,0.24178004420523502,0.0,0.6570721644100606,0.7776777066354839,2.048399350736089,1.270721644100605,0.0,-2.048399350736089,106.0,165
166,1.2,1.607142857142857,0.28595215317119654,0.0,0.6463137644587156,0.7093346614265491,1.905704810144766,1.196370148718217,0.0,-1.905704810144766,107.0,166
167,1.2,1.651785714285714,0.3303729191972325,0.0,0.6363048106239216,0.6481714879726482,1.7719652002826765,1.1237937123100281,0.0,-1.7719652002826765,108.0,167
168,1.2,1.696428571428571,0.37455246666896724,0.0,0.6269982707064706,0.5933987928684971,1.6465228748244631,1.053124081955966,0.0,-1.6465228748244631,109.0,168
169,1.2,1.7410714285714282,0.41808862944854863,0.0,0.6183505665319724,0.5443179761402301,1.5287957174964935,0.9844777413562632,0.0,-1.5287957174964935,110.0,169
170,1.2,1.7857142857142856,0.4606544461861384,0.0,0.6103211772594068,0.500309914398901,1.4182662259349785,0.9179563115360775,0.0,-1.4182662259349785,111.0,170
171,1.2,1.8303571428571423,0.5019875535899393,0.0,0.6028723000223534,0.4608252352593985,1.3144721783783946,0.853646943118996,0.0,-1.3144721783783946,112.0,171
172,1.2,1.8749999999999998,0.5418811369518738,0.0,0.5959685595896937,0.42537592660818313,1.2169986416845076,0.7916227150763245,0.0,-1.2169986416845076,113.0,172
173,1.2,1.919642857142857,0.5801761653073788,0.0,0.5895767600010147,0.3935280704001668,1.1254711218412037,0.7319430514410369,0.0,-1.1254711218412037,114.0,173
174,1.2,1.964285714285714,0.6167546925122581,0.0,0.5836656721762185,0.3648955278769064,1.0395496923779377,0.6746541645010314,0.0,-1.0395496923779377,115.0,174
175,1.2,2.008928571428571,0.6515340483266977,0.0,0.5782058523633091,0.3391344332403562,0.9589239636257587,0.6197895303854025,0.0,-0.9589239636257587,116.0,175
176,1.2,2.053571428571428,0.6844617776716695,0.0,0.5731694870081319,0.3159383773055392,0.8833087779838431,0.5673704006783039,0.0,-0.8833087779838431,117.0,176
177,1.2,2.0982142857142856,0.7155112133939182,26.411521824617466,0.5685302602330067,0.7934717030405362,3.17363544633308,2.3801637432925435,0.0,23.237886378284387,118.0,177
178,1.2,2.1428571428571423,0.1279407545388965,0.0,0.6905779828080297,0.7094054687331129,2.911617804386091,2.202212335652978,0.0,-2.911617804386091,119.0,178
179,1.2,2.1875,0.1754407759999537,0.0,0.6752858724908759,0.6357728079427432,2.669775022815005,2.034002214872262,0.0,-2.669775022815005,120.0,179
180,1.2,2.2321428571428568,0.2255720126811865,0.0,0.6612639448500408,0.5712238609674677,2.446423073110907,1.8751992121434393,0.0,-2.446423073110907,121.0,180
181,1.2,2.276785714285714,0.27703344117565376,3.5541520142644227,0.6484150841719373,0.5789417826700031,2.5764201531241815,1.9974783704541785,0.0,0.9777318611402412,122.0,181
182,1.2,2.321428571428571,0.2558327072997614,9.240270881013322,0.6535502305014553,0.6906220794867239,3.2472550446150263,2.5566329651283026,0.0,5.993015836398295,123.0,182
183,1.2,2.3660714285714284,0.14432050274818786,0.0,0.6850261540119505,0.6150615594960839,2.96260046310562,2.347538903609536,0.0,-2.96260046310562,124.0,183
184,1.2,2.4107142857142856,0.19548326049516207,0.0,0.6694662776300933,0.5492994708889372,2.701064897181804,2.151765426292867,0.0,-2.701064897181804,125.0,184
185,1.2,2.4553571428571423,0.24888120485602108,0.0,0.6552800124138023,0.4920110864413464,2.460696995801096,1.9686859093597493,0.0,-2.460696995801096,126.0,185
186,1.2,2.4999999999999996,0.30313312285115235,0.0,0.6423561836543428,0.442055787911935,2.2397547263814186,1.7976989384694835,0.0,-2.2397547263814186,127.0,186
187,1.2,2.5446428571428568,0.35716034526990764,3.5670907060904247,0.6305927659737681,0.452786381490095,2.396119726038811,1.9433333445487162,0.0,1.1709709800516137,128.0,187
188,1.2,2.589285714285714,0.328361897248586,2.4210664779041235,0.6367428236421064,0.44317103527201346,2.4227691831755966,1.9795981479035833,0.0,-0.0017027052714730928,129.0,188
189,1.2,2.633928571428571,0.32840289428435404,0.0,0.6367338808623193,0.39784257350373015,2.197070850897112,1.7992282773933816,0.0,-2.197070850897112,130.0,189
190,1.2,2.678571428571428,0.38343517590338416,0.0,0.6251946432000446,0.35840660061535395,1.9903147697589745,1.6319081691436206,0.0,-1.9903147697589745,131.0,190
191,1.2,2.7232142857142856,0.4369669574964702,0.0,0.61474130932526,0.324055969481736,1.8009759320076963,1.4769199625259604,0.0,-1.8009759320076963,132.0,191
192,1.2,2.7678571428571423,0.4884198241470236,0.0,0.6052824021193373,0.29409665382130606,1.627670634220994,1.3335739803996878,0.0,-1.627670634220994,133.0,192
193,1.2,2.8124999999999996,0.5373845181701955,0.0,0.5967337118135547,0.26793154550106707,1.4691383581450514,1.2012068126439843,0.0,-1.4691383581450514,134.0,193
194,1.2,2.8571428571428568,0.5835881342458589,0.0,0.589017649008171,0.2450466459876329,1.324226513565616,1.0791798675779831,0.0,-1.324226513565616,135.0,194
195,1.2,2.901785714285714,0.6268669361665987,0.0,0.5820626778234776,0.22499927596283645,1.1918775783988493,0.9668783024360128,0.0,-1.1918775783988493,136.0,195
196,1.1972222222222224,2.946428571428571,0.6671438353856095,0.0,0.5758028165923913,0.20740799259469264,1.071118248336928,0.8637102557422353,0.0,-1.071118248336928,137.0,196
197,1.1833333333333333,2.991071428571428,0.7044097483419974,0.0,0.5701771955402015,0.19194395666489605,0.9610502712916102,0.7691063146267142,0.0,-0.9610502712916102,138.0,197
198,1.1694444444444445,3.0,0.7387081902913596,0.0,0.5651296626027456,0.1815364848757242,0.8560260068484382,0.6744895219727141,0.0,-0.8560260068484382,139.0,198
199,1.1555555555555557,3.0,0.7699449828151147,0.0,0.5606337276928273,0.17316649880612367,0.7613340705084066,0.588167571702283,0.0,-0.7613340705084066,140.0,199
200,1.1416666666666668,3.0,0.7982698825622775,0.0,0.5566351243813336,0.16583384798404563,0.6772282361056494,0.5113943881216038,0.0,-0.6772282361056494,141.0,200
201,1.1277777777777778,3.0,0.8238956653279583,0.0,0.5530782533933837,0.15940072114060824,0.6025031862935744,0.4431024651529661,0.0,-0.6025031862935744,142.0,201
202,1.113888888888889,3.0,0.84703421291919,0.0,0.549913845902346,0.15374917809772448,0.536095019422768,0.3823458413250435,0.0,-0.536095019422768,143.0,202
203,1.1,3.0,0.8678918200699075,0.0,0.5470982208003357,0.14877804583518606,0.4770638852016301,0.32828583936644407,0.0,-0.4770638852016301,144.0,203
204,1.0861111111111112,3.0,0.8866660537406081,7.173757369477758,0.5445926331679741,0.21462816760278358,1.2182108289130387,1.003582661310255,0.0,5.955546540564719,145.0,204
205,1.0722222222222224,3.0,0.6666933866852862,0.0,0.5758717641583351,0.2020602191215394,1.0827980909615724,0.8807378718400329,0.0,-1.0827980909615724,146.0,205
206,1.0583333333333333,3.0,0.7043586944794585,0.0,0.5701847993948814,0.19110348703228391,0.9626516354140067,0.7715481483817228,0.0,-0.9626516354140067,147.0,206
207,1.0444444444444445,3.0,0.7387137368523985,6.255508187508198,0.5651288559315726,0.24654656110252363,1.5518281433088716,1.305281582206348,0.0,4.703680044199326,148.0,207
208,1.0305555555555557,3.0,0.5786154542210772,0.0,0.5898330578443842,0.2298068591677332,1.3786015697799097,1.1487947106121765,0.0,-1.3786015697799097,149.0,208
209,1.0166666666666668,3.0,0.6235155155404807,3.6574247304633083,0.5825925033812545,0.25452264903474986,1.6331146531612193,1.3785920041264694,0.0,2.024310077302089,150.0,209
210,1.0027777777777778,3.0,0.5581620914796619,0.0,0.5932243840393536,0.2367244858816482,1.4506326594372372,1.213908173555589,0.0,-1.4506326594372372,151.0,210
211,0.9888888888888889,3.0,0.6046274525898647,0.0,0.5856055150297043,0.22127983398047432,1.2889057225507954,1.0676258885703211,0.0,-1.2889057225507954,152.0,211
212,0.9750000000000001,3.0,0.6474709423040946,0.0,0.5788360522011812,0.2078515511706359,1.145503753433314,0.937652202262678,0.0,-1.145503753433314,153.0,212
213,0.9611111111111111,3.0,0.6867784893758765,0.0,0.5728197509751659,0.19615477061216385,1.0182939893353489,0.822139218723185,0.0,-1.0182939893353489,154.0,213
214,0.9472222222222223,3.0,0.722693348778958,0.0,0.5674715682580684,0.18594824829285642,0.9054023588477699,0.7194541105549135,0.0,-0.9054023588477699,155.0,214
215,0.9333333333333333,3.0,0.7553952743696041,0.7114752430709534,0.5627163037683217,0.18402517756050107,0.8839236125748938,0.6998984350143928,0.0,-0.17244836950394038,156.0,215
216,0.9194444444444445,3.0,0.7617059153407266,0.0,0.5618105875419355,0.17534469380135476,0.7861079746065153,0.6107632808051605,0.0,-0.7861079746065153,157.0,216
217,0.9055555555555557,3.0,0.7908056206045078,0.0,0.5576818691879096,0.16774314200348608,0.6992350304113504,0.5314918884078643,0.0,-0.6992350304113504,158.0,217
218,0.8916666666666667,3.0,0.8171479027580852,0.0,0.5540094162970937,0.1610766603828849,0.6220574532870826,0.46098079290419774,0.0,-0.6220574532870826,159.0,218
219,0.8777777777777778,3.0,0.8409454307502369,0.0,0.5507423078239472,0.15522221038067704,0.5534745206004623,0.39825231021978524,0.0,-0.5534745206004623,160.0,219
220,0.8638888888888889,3.0,0.8624063954424341,0.0,0.5478354038291968,0.15007431336417748,0.4925140668847559,0.3424397535205784,0.0,-0.4925140668847559,161.0,220
221,0.8500000000000001,3.0,0.88173098885012,0.0,0.545248670284634,0.14554233197438862,0.43831680143936036,0.29277446946497176,0.0,-0.43831680143936036,162.0,221
222,0.8361111111111111,3.0,0.8991091355780636,0.08232532423424448,0.5429465862434608,0.14229555662882915,0.3991717258714357,0.25687616924260653,0.0,-0.3168464016371912,163.0,222
223,0.8222222222222222,3.0,0.9117768926635819,0.0,0.5412824769911646,0.13868411856512072,0.3553076767954807,0.21662355823035995,0.0,-0.3553076767954807,164.0,223
224,0.8083333333333333,3.0,0.9260877650040072,7.914811211491476,0.5394163652432892,0.21208541522072685,1.1910118508994219,0.9789264356786951,0.0,6.7237993605920545,165.0,224
225,0.7944444444444445,3.0,0.6741694925225215,0.0,0.5747304375153063,0.1998449939339994,1.0586693942278795,0.8588244002938801,0.0,-1.0586693942278795,166.0,225
226,0.7805555555555557,3.0,0.7111872791588929,0.0,0.5691701991002439,0.18917021068319181,0.9412380334078744,0.7520678227246825,0.0,-0.9412380334078744,167.0,226
227,0.7666666666666667,3.0,0.744929719746903,0.0,0.5642267220340261,0.17984494815804236,0.8369980112113435,0.6571530630533011,0.0,-0.8369980112113435,168.0,227
228,0.7527777777777778,3.0,0.7755921609744928,4.599117508742805,0.5598307240759833,0.21804132930745482,1.2545677870698095,1.0365264577623547,0.0,3.3445497216729954,169.0,228
229,0.7388888888888889,3.0,0.6567699665556396,0.0,0.577396636479728,0.20503255067773568,1.1150479710885137,0.9100154204107781,0.0,-1.1150479710885137,170.0,229
230,0.7250000000000001,3.0,0.6952871971256852,0.0,0.571540292093759,0.19369652237360827,0.9912701305737807,0.7975736082001724,0.0,-0.9912701305737807,171.0,230
231,0.7111111111111111,3.0,0.7304502697768012,0.0,0.5663340414079724,0.18380092551119512,0.8814145205442644,0.6976135950330693,0.0,-0.8814145205442644,172.0,231
232,0.6972222222222222,3.0,0.7624449647093686,0.0,0.5617047634639374,0.17514845780040356,0.7838799163080008,0.6087314585075972,0.0,-0.7838799163080008,173.0,232
233,0.6833333333333333,3.0,0.7914753638638208,0.0,0.5575877470967735,0.16757116253248971,0.6972559067905404,0.5296847442580507,0.0,-0.6972559067905404,174.0,233
234,0.6694444444444445,3.0,0.8177535072220655,3.631111816150336,0.5539256887627896,0.19649547050586325,1.0220312308338095,0.8255357603279464,0.0,2.6090805853165264,175.0,234
235,0.6555555555555556,3.0,0.7216241325461408,0.0,0.5676288430974352,0.18624579151192658,0.9087195789826823,0.7224737874707557,0.0,-0.9087195789826823,176.0,235
236,0.6416666666666667,3.0,0.7544231821743057,0.0,0.5628561562330304,0.17728748710297068,0.8081256867771544,0.6308381996741836,0.0,-0.8081256867771544,177.0,236
237,0.6277777777777778,3.0,0.7842037712622502,6.534631715690687,0.5586117986344109,0.23612609408593183,1.4444270865917326,1.2083009925058008,0.0,5.090204629098954,178.0,237
238,0.6138888888888889,3.0,0.6062424603329993,0.0,0.5853460666443844,0.2207600306039562,1.2834045101761355,1.0626444795721794,0.0,-1.2834045101761355,179.0,238
239,0.6,3.0,0.6489559351063825,0.0,0.5786054967379971,0.2073991609610818,1.1406246983306256,0.9332255373695438,0.0,-1.1406246983306256,180.0,239
