,kc,LAI,stress,R,s,E,ET,T,L,dsdt,dos,doy
60,0.3,0.75,1.0,0.0,0.5046840991970113,0.2492377051765506,0.2492377051765506,0.0,0.0,-0.2492377051765506,1.0,60
61,0.3,0.75,1.0,0.0,0.50337507763621,0.2434811321977177,0.2434811321977177,0.0,0.0,-0.2434811321977177,2.0,61
62,0.3,0.75,1.0,0.0,0.5020962901771884,0.23790098168836898,0.23790098168836898,0.0,0.0,-0.23790098168836898,3.0,62
63,0.3,0.75,1.0,0.0,0.5008468102313461,0.2324905314051409,0.2324905314051409,0.0,0.0,-0.2324905314051409,4.0,63
64,0.3,0.75,1.0,0.0,0.499625746515983,0.22724336471126066,0.22724336471126066,0.0,0.0,-0.22724336471126066,5.0,64
65,0.3,0.75,1.0,0.0,0.4984322414492222,0.22215335446411053,0.22215335446411053,0.0,0.0,-0.22215335446411053,6.0,65
66,0.3,0.75,1.0,3.5388410870062152,0.49726546962955775,0.30013143176813367,0.30013143176813367,0.0,0.0,3.2387096552380816,7.0,66
67,0.3,0.75,1.0,0.0,0.5142754993314385,0.29275828716803265,0.29275828716803265,0.0,0.0,-0.29275828716803265,8.0,67
68,0.3,0.75,1.0,0.0,0.5127379032853878,0.2856254124995258,0.2856254124995258,0.0,0.0,-0.2856254124995258,9.0,68
69,0.3,0.75,1.0,0.0,0.5112377698163777,0.27872307653233597,0.27872307653233597,0.0,0.0,-0.27872307653233597,10.0,69
70,0.3,0.75,1.0,0.0,0.5097738881119012,0.2720420181105638,0.2720420181105638,0.0,0.0,-0.2720420181105638,11.0,70
71,0.3,0.75,1.0,0.0,0.5083450959999759,0.2655734198286651,0.2655734198286651,0.0,0.0,-0.2655734198286651,12.0,71
72,0.3,0.75,1.0,0.0,0.5069502776185228,0.259308883381194,0.259308883381194,0.0,0.0,-0.259308883381194,13.0,72
73,0.3,0.75,1.0,25.04446202358502,0.5055883612142098,1.0232314646311393,1.5374285906505654,0.514197126019426,0.0,23.507033432934453,14.0,73
74,0.3,0.75,0.3645760279419455,0.0,0.6290496712611344,0.9666854213062028,1.442123843359648,0.4754384220534451,0.0,-1.442123843359648,15.0,74
75,0.3,0.75,0.40208031717132037,0.0,0.6214754914115564,0.9146275337751562,1.353709892550627,0.4390823587754708,0.0,-1.353709892550627,16.0,75
76,0.3,0.75,0.43895569749182345,0.0,0.6143656705473199,0.866643086831413,1.2715983054585487,0.40495521862713557,0.0,-1.2715983054585487,17.0,76
77,0.3,0.75,0.4750677238876163,0.0,0.6076871080186511,0.8223611768648414,1.1952592953543666,0.3728981184895252,0.0,-1.1952592953543666,18.0,77
78,0.3,0.75,0.5103131489436014,0.0,0.6014094856691009,0.7814495107587236,1.1242150419704078,0.34276553121168424,0.0,-1.1242150419704078,19.0,78
79,0.3,0.75,0.5446145104951227,0.0,0.5955049949024496,0.743609889909362,1.0580338654411199,0.31442397553175777,0.0,-1.0580338654411199,20.0,79
80,0.3,0.75,0.5779156294672807,0.0,0.5899480943486621,0.7085742802304726,0.9963251331040508,0.2877508528735781,0.0,-0.9963251331040508,21.0,80
81,0.3,0.75,0.6101778606113623,15.634799457546535,0.5847152942798384,1.2402523573024151,1.8970403780190814,0.6567880207166663,0.0,13.737759079527454,22.0,81
82,0.3,0.75,0.24258623320063008,0.0,0.6568673902857599,1.1659202582139898,1.7748837315856374,0.6089634733716475,0.0,-1.7748837315856374,23.0,82
83,0.3,0.75,0.28070702009813925,6.624780487776085,0.6475455219476001,1.3589596360255511,2.090189414175109,0.7312297781495578,0.0,4.534591073600976,24.0,83
84,0.3,0.75,0.18883665211232248,0.0,0.6713616515358405,1.2745576011642457,1.9530935285362798,0.6785359273720342,0.0,-1.9530935285362798,25.0,84
85,0.3,0.75,0.22618087393777725,0.0,0.66110380737336,1.1973387511932283,1.8266370265853564,0.6292982753921281,0.0,-1.8266370265853564,26.0,85
86,0.3,0.75,0.26415436553901084,8.001558181945596,0.651510125511042,1.446873518175594,2.2318420747952916,0.7849685566196974,0.0,5.769716107150304,27.0,86
87,0.3,0.75,0.15425018613315258,0.0,0.6818132563259071,1.354872363013352,2.0835759933777056,0.7287036303643537,0.0,-2.0835759933777056,28.0,87
88,0.30357142857142855,0.75,0.19054934337351878,0.0,0.6708701051001839,1.2708207670779876,1.9469972715588701,0.6761765044808824,0.0,-1.9469972715588701,29.0,88
89,0.3214285714285714,0.75,0.22793260980748356,0.0,0.6606442790940974,1.1939173073013547,1.821009846953022,0.6270925396516673,0.0,-1.821009846953022,30.0,89
90,0.33928571428571425,0.75,0.26592523637864807,0.0,0.651080151746655,1.1234529828949513,1.7046377112788953,0.5811847283839439,0.0,-1.7046377112788953,31.0,90
91,0.3571428571428571,0.75,0.304142444008524,0.0,0.6421272225907785,1.058799225923709,1.5970098943594455,0.5382106684357365,0.0,-1.5970098943594455,32.0,91
92,0.37499999999999994,0.75,0.34227383481552065,0.0,0.6337395655825881,0.9993976390393018,1.4973475538357248,0.497949914796423,0.0,-1.4973475538357248,33.0,92
93,0.3928571428571428,0.75,0.3800705472939488,0.0,0.6258753452368123,0.9447511870551626,1.4049528441918615,0.46020165713669897,0.0,-1.4049528441918615,34.0,93
94,0.41071428571428564,0.75,0.41733465036687717,8.003305906216296,0.6184963912231995,1.1930711158953535,1.8196178082091388,0.6265466923137853,0.0,6.183688098007157,35.0,94
95,0.4285714285714285,0.75,0.2663643929940648,0.0,0.6509737446791195,1.1226770860444757,1.7033510605042492,0.5806739744597734,0.0,-1.7033510605042492,36.0,95
96,0.4464285714285714,0.75,0.3045822491655916,0.0,0.6420275731428577,1.0580868171314246,1.5958191682171416,0.537732351085717,0.0,-1.5958191682171416,37.0,96
97,0.4642857142857142,0.75,0.3427110971321745,3.5900576985181667,0.63364616994844,1.133834366463012,1.7218416384806878,0.5880072720176758,0.0,1.8682160600374789,38.0,97
98,0.4821428571428571,0.75,0.2982984832636536,1.5225383646943502,0.6434582290872923,1.1261859220110324,1.7091687417483805,0.582982819737348,0.0,-0.1866303770540303,39.0,98
99,0.4999999999999999,0.75,0.302596686605241,0.0,0.6424780275271346,1.06130845421107,1.6012029863413157,0.5398945321302457,0.0,-1.6012029863413157,40.0,99
100,0.5178571428571428,0.75,0.3407367529944859,0.0,0.6340683479770226,1.0017044932411214,1.50123256353083,0.49952807028970836,0.0,-1.50123256353083,41.0,100
101,0.5357142857142856,0.75,0.37855115229256725,9.945719360331703,0.6261837231685624,1.3286152157661775,2.0410295078239753,0.7124142920577979,0.0,7.904689852507728,42.0,101
102,0.5535714285714285,0.75,0.20178081470105214,0.0,0.6676999513855147,1.2468086815328396,1.9077684481833104,0.6609597666504706,0.0,-1.9077684481833104,43.0,102
103,0.5714285714285714,0.75,0.23939429558358538,0.0,0.6576801591156444,1.1719263788512329,1.7847911426063257,0.6128647637550928,0.0,-1.7847911426063257,44.0,103
104,0.5892857142857142,0.75,0.2774918751049129,0.0,0.6483062560557372,1.1032848481808597,1.6711548772483982,0.5678700290675385,0.0,-1.6711548772483982,45.0,104
105,0.607142857142857,0.75,0.31571281081128044,1.820417535986284,0.639529182120609,1.108972300513776,1.680605253751177,0.5716329532374012,0.0,0.1398122822351069,46.0,105
106,0.6249999999999999,0.75,0.31242067417562575,0.0,0.6402634903256254,1.0455016217856703,1.5747663753486718,0.5292647535630015,0.0,-1.5747663753486718,47.0,106
107,0.6428571428571428,0.75,0.350498770100633,0.0,0.6319926585223234,0.9871704970931914,1.4767352580003439,0.4895647609071524,0.0,-1.4767352580003439,48.0,107
108,0.6607142857142856,0.75,0.3881953098043249,0.0,0.6242366960328258,0.9334941483418427,1.3858302892994065,0.45233614095756386,0.0,-1.3858302892994065,49.0,108
109,0.6785714285714284,0.75,0.42532218402845384,0.0,0.6169581756058331,0.8840400791506536,1.3014393220586524,0.41739924290799874,0.0,-1.3014393220586524,50.0,109
110,0.6964285714285713,0.75,0.46173174694627855,0.0,0.6101228850488024,0.8384217372917308,1.2230115855259822,0.3845898482342514,0.0,-1.2230115855259822,51.0,110
111,0.7142857142857142,0.75,0.49730983331398193,0.0,0.6036995048727206,0.7962930297620592,1.1500506531511179,0.3537576233890588,0.0,-1.1500506531511179,52.0,111
112,0.732142857142857,0.75,0.5319699605745162,0.0,0.5976593228708765,0.7573435644736637,1.0821083142538708,0.3247647497802072,0.0,-1.0821083142538708,53.0,112
113,0.7499999999999999,0.75,0.5656485082310445,8.76117564950374,0.5919759808842491,1.0293604144268862,1.5477150970285187,0.5183546826016326,0.0,7.213460552475221,54.0,113
114,0.7678571428571428,0.75,0.36066365062861916,0.0,0.6298618031136357,0.9723240669317219,1.451660721877173,0.47933665494545125,0.0,-1.451660721877173,55.0,114
115,0.7857142857142856,0.75,0.3982239277426782,7.19160794608188,0.6222375346163816,1.1891895924180977,1.813230799234256,0.6240412068161582,0.0,5.378377146847624,56.0,115
116,0.8035714285714284,0.75,0.26838486327518274,34.5571798089347,0.6504853137489848,2.6744226899503327,3.8744226899503325,1.2,1.0258520156057302,29.656905103378637,57.0,116
117,0.8214285714285712,0.75,0.0,0.0,0.8062463699642087,2.4277700633096573,3.627770063309657,1.2,0.0,-3.627770063309657,58.0,117
118,0.8392857142857142,0.75,0.0,0.0,0.7871929557661538,2.250362319113366,3.450362319113366,1.2,0.0,-3.450362319113366,59.0,118
119,0.857142857142857,0.75,0.0019109820147627885,14.357927035366457,0.7690713049304744,2.797033598417307,3.997033598417307,1.2,2.248319173355402,8.112574263593748,60.0,119
120,0.875,0.75,0.0,4.118138078875956,0.8116793630375844,2.687336373713062,3.8873363737130617,1.2,1.148066309486846,-0.9172646043239521,61.0,120
121,0.8928571428571428,0.75,0.0,0.0,0.806861796838404,2.433574816685205,3.633574816685205,1.2,0.0,-3.633574816685205,62.0,121
122,0.9107142857142856,0.75,0.0,0.0,0.7877778954902674,2.255741713172319,3.455741713172319,1.2,0.0,-3.455741713172319,63.0,122
123,0.9285714285714284,0.75,0.0017212569537243673,0.0,0.7696279915345304,2.090837249138496,3.2410516085042422,1.150214359365746,0.0,-3.2410516085042422,64.0,123
124,0.9464285714285714,0.75,0.012007196371194715,0.9145973664147956,0.7526056616579325,1.9821948934977334,3.0737591459200475,1.0915642524223144,0.0,-2.159161779505252,65.0,124
125,0.9642857142857142,0.75,0.024005751292936268,3.326347168769436,0.7412655262613713,1.993896698991598,3.09182871669583,1.0979320177042318,0.0,0.2345184520736061,66.0,125
126,0.982142857142857,0.75,0.022503311137111442,0.0,0.7424972408205814,1.852251437684523,2.8722381936233137,1.0199867559387907,0.0,-2.8722381936233137,67.0,126
127,0.9999999999999998,0.75,0.04424803762785148,0.0,0.7274119561902069,1.7238206042458908,2.671397993958884,0.9475773897129931,0.0,-2.671397993958884,68.0,127
128,1.0178571428571428,0.75,0.07100838299497171,0.0,0.7133815045412633,1.607163396589701,2.487394618387764,0.8802312217980635,0.0,-2.487394618387764,69.0,128
129,1.0357142857142856,0.75,0.1015889220949352,0.0,0.7003174571757813,1.5010188733591827,2.318542667802933,0.8175237944437501,0.0,-2.318542667802933,70.0,129
130,1.0535714285714284,0.75,0.13501145610613263,11.876966923776294,0.6881402372818584,1.9217907713942919,2.9802832445600593,1.0584924731657674,0.0,8.896683679216235,71.0,130
131,1.0714285714285712,0.75,0.03259250044498053,29.833423423966714,0.7348665171096748,3.2749826568624374,4.474982656862437,1.2,8.174595619921783,17.183845147182495,72.0,131
132,1.0892857142857142,0.75,0.0,10.972663583384405,0.8251178046473979,3.183661110807912,4.383661110807912,1.2,6.921639227939365,-0.3326367553628726,73.0,132
133,1.107142857142857,0.75,0.0,6.091351745984757,0.8233707628650299,2.9052830166895567,4.105283016689556,1.2,3.4389456934161626,-1.452876964120962,74.0,133
134,1.1249999999999998,0.75,0.0,15.17089822642118,0.8157401065408652,3.315324190776758,4.515324190776758,1.2,8.742359745571427,1.913214290072995,75.0,134
135,1.1428571428571428,0.75,0.0,2.1637441720762496,0.8257885009215006,2.724918574976288,3.924918574976288,1.2,1.5125818418692423,-3.2737562447692805,76.0,135
136,1.1607142857142856,0.75,0.0,30.22913576829224,0.8085944029972921,4.0956379556435065,5.295637955643507,1.2,20.725864908381986,4.207632904266749,77.0,136
137,1.1785714285714284,0.75,0.0,10.661273784221848,0.8306933153096175,3.224408441303585,4.424408441303585,1.2,7.474899349201469,-1.2380340062832067,78.0,137
138,1.1964285714285712,0.75,0.0,2.948139299397637,0.8241910358648528,2.7496696704859755,3.9496696704859753,1.2,1.7597701546101494,-2.7613005256984877,79.0,138
139,1.2,0.75,0.0,0.0,0.8096884070534112,2.4602948902934596,3.66029489029346,1.2,0.0,-3.66029489029346,80.0,139
140,1.2,0.75,0.0,28.58239201185258,0.7904641691842228,3.798782026211992,4.998782026211992,1.2,16.02145133448432,7.56215865115627,81.0,140
141,1.2,0.75,0.0,0.0,0.8301813889907158,2.656897882469299,3.8568978824692985,1.2,0.8624997134471208,-4.719397595916419,82.0,141
142,1.2,0.75,0.0,2.2053057305070665,0.8053946369113228,2.5296425562138003,3.7296425562138005,1.2,0.0,-1.524336825706734,83.0,142
143,1.2,0.75,0.0,0.0,0.7973886661880732,2.3447374250503468,3.5447374250503465,1.2,0.0,-3.5447374250503465,84.0,143
144,1.2,0.75,2.4153380475013322e-05,0.0,0.7787713477791953,2.173389495779963,3.3674919651201005,1.1941024693401374,0.0,-3.3674919651201005,85.0,144
145,1.2,0.75,0.005724471675130531,0.0,0.7610849403993628,2.0146738658223637,3.1238815797393054,1.1092077139169414,0.0,-3.1238815797393054,86.0,145
146,1.2,0.75,0.019962299702091027,0.0,0.7446779993293035,1.8710708264447138,2.90152522322537,1.0304543967806563,0.0,-2.90152522322537,87.0,146
147,1.2,0.7589285714285714,0.040902803372570386,0.0,0.729438896266145,1.7331433132726197,2.701846523708181,0.9687032104355612,0.0,-2.701846523708181,88.0,147
148,1.2,0.8035714285714285,0.06708405443519988,0.0,0.715248525868518,1.5796455724891243,2.5323522769557876,0.9527067044666635,0.0,-2.5323522769557876,89.0,148
149,1.2,0.8482142857142856,0.09747294523172946,0.0,0.7019483563466913,1.4415785950355147,2.3750125294889814,0.9334339344534666,0.0,-2.3750125294889814,90.0,149
150,1.2,0.8928571428571428,0.13111771053678367,0.0,0.6894745510447533,1.3172449332068714,2.2285280820340327,0.9112831488271614,0.0,-2.2285280820340327,91.0,150
151,1.2,0.9374999999999999,0.1672152496265439,0.0,0.6777700968323896,1.2051597813161876,2.091780362310525,0.8866205809943376,0.0,-2.091780362310525,92.0,151
152,1.2,0.982142857142857,0.20508632624731796,0.0,0.6667838554336999,1.1040198242918173,1.963804058446502,0.8597842341546846,0.0,-1.963804058446502,93.0,152
153,1.2,1.0267857142857142,0.24415552908790236,0.0,0.6564697584880775,1.0126773422009727,1.8437643265511963,0.8310869843502235,0.0,-1.8437643265511963,94.0,153
154,1.2,1.0714285714285712,0.28393499530801347,0.0,0.6467861223192162,0.9301185826344267,1.7309377071090515,0.8008191244746248,0.0,-1.7309377071090515,95.0,154
155,1.2,1.1160714285714284,0.32401112181765124,0.0,0.6376950629331393,0.8554456154323101,1.6246960649547333,0.769250449522423,0.0,-1.6246960649547333,96.0,155
156,1.2,1.1607142857142856,0.36403365827581163,3.882710848975623,0.6291619953650996,0.9058449120648592,1.793963195271275,0.8881182832064157,0.0,2.088747653704348,97.0,156
157,1.2,1.2053571428571428,0.3130075372371374,0.0,0.6401323086723704,0.8318730808270351,1.6814651762996062,0.8495920954725711,0.0,-1.6814651762996062,98.0,157
158,1.2,1.2499999999999998,0.35378188188021936,0.0,0.6313010840069313,0.7650501465742275,1.5754588186296776,0.81040867205545,0.0,-1.5754588186296776,99.0,158
159,1.2,1.294642857142857,0.39425029545551354,0.0,0.6230266154216914,0.704648779344987,1.4754407356961436,0.7707919563511566,0.0,-1.4754407356961436,100.0,159
160,1.2,1.339285714285714,0.4341362856731921,0.0,0.6152774518938755,0.6500208957740091,1.3809704834357988,0.7309495876617896,0.0,-1.3809704834357988,101.0,160
161,1.2,1.3839285714285712,0.47320940563125125,0.0,0.608024455657343,0.6005879375445486,1.2916616876524432,0.6910737501078945,0.0,-1.2916616876524432,102.0,161
162,1.2,1.4285714285714284,0.5112792372075186,0.0,0.6012405182221936,0.5558325361743857,1.2071744170630123,0.6513418808886268,0.0,-1.2071744170630123,103.0,162
163,1.2,1.4732142857142856,0.5481902855936808,14.259749603173878,0.5949003164519047,0.8795081060130944,2.1975654367984263,1.3180573307853318,0.0,12.062184166375452,104.0,163
164,1.2,1.5178571428571423,0.237160724779563,0.0,0.6582521240484144,0.8011762142532358,2.0470539907235463,1.2458777764703104,0.0,-2.0470539907235463,105.0,164
165,1.2,1.5624999999999998,0.2808966501406549,0.0,0.6475007900635218,0.7310602424456412,1.9060681430808586,1.1750079006352174,0.0,-1.9060681430808586,106.0,165
166,1.2,1.607142857142857,0.32494593009129286,0.0,0.6374899279675089,0.6682569023058668,1.7738675899716725,1.1056106876658056,0.0,-1.7738675899716725,107.0,166
167,1.2,1.651785714285714,0.36882108044874334,4.606453221525928,0.6281733965075736,0.7216925157754195,2.0152860225476488,1.2935935067722295,0.0,2.5911671989782796,108.0,167
168,1.2,1.696428571428571,0.3056653787408989,0.0,0.6417824679307789,0.6580931955054221,1.8717314187538776,1.2136382232484555,0.0,-1.8717314187538776,109.0,168
169,1.2,1.7410714285714282,0.3506916217642419,0.0,0.631951945773458,0.6012548893938403,1.7372908565838006,1.1360359671899602,0.0,-1.7372908565838006,110.0,169
170,1.2,1.7857142857142856,0.3952510205105281,0.0,0.622827519005686,0.5504257636188917,1.6113116951124455,1.060885931493554,0.0,-1.6113116951124455,111.0,170
171,1.2,1.8303571428571423,0.43896058994378573,1.714096777778456,0.6143647474977425,0.5404259918680736,1.6341578837577695,1.0937318918896959,0.0,0.07993889402068644,112.0,171
172,1.2,1.8749999999999998,0.43673808274409603,21.963138515003358,0.6147845946302041,0.9952933652963936,3.3969399198716594,2.4016465545752657,0.0,18.5661985951317,113.0,172
173,1.2,1.919642857142857,0.07334099848331908,0.0,0.7122961418735428,0.8905551935784396,3.130193508024822,2.2396383144463825,0.0,-3.130193508024822,114.0,173
174,1.2,1.964285714285714,0.11328326936204211,57.04280221715452,0.695856049919631,2.405715205144807,5.548572348001949,3.142857142857142,25.833291312778584,25.660938556373985,115.0,174
175,1.2,2.008928571428571,0.0,0.0,0.8306298868753768,1.418123007076694,4.632408721362408,3.2142857142857135,0.902859489148002,-5.535268210510409,116.0,175
176,1.2,2.053571428571428,0.0,0.0,0.8015581000554691,1.2421813738980616,4.527895659612346,3.2857142857142843,0.0,-4.527895659612346,117.0,176
177,1.2,2.0982142857142856,7.9058028448269e-05,4.946538105067927,0.7777771354566648,1.225276596355753,4.58241945349861,3.3571428571428568,0.0,0.3641186515693171,118.0,177
178,1.2,2.1428571428571423,1.5423321764527962e-06,0.0,0.7796895233325541,1.0872953543773478,4.511608817223803,3.4243134628464555,0.0,-4.511608817223803,119.0,178
179,1.2,2.1875,0.009220532623211871,0.0,0.7559940988723451,0.9599735154098714,4.123890899622703,3.1639173842128314,0.0,-4.123890899622703,120.0,179
180,1.2,2.2321428571428568,0.03336466389079038,0.0,0.7343350080129822,0.8494871840255042,3.7685587270681067,2.9190715430426026,0.0,-3.7685587270681067,121.0,180
181,1.2,2.276785714285714,0.06855566619942223,36.648021684673026,0.7145421575556917,1.602121742068484,5.244978884925626,3.642857142857142,10.506955707497863,20.896087092249537,122.0,181
182,1.2,2.321428571428571,0.0,4.7318115793404285,0.8242905141326325,1.295930750712304,5.010216464998018,3.7142857142857135,2.74415826474084,-3.022563150398429,123.0,182
183,1.2,2.3660714285714284,0.0,0.0,0.8084157076704559,1.0912660911712355,4.876980376885521,3.785714285714285,0.0,-4.876980376885521,124.0,183
184,1.2,2.4107142857142856,0.0,0.0,0.7828013149347126,0.9633734851703442,4.820516342313201,3.8571428571428568,0.0,-4.820516342313201,125.0,184
185,1.2,2.4553571428571423,0.008111900926426545,13.347969144744708,0.7574834770023954,1.1218375990983258,5.050409027669753,3.9285714285714275,0.6330885923187567,7.664471524756198,126.0,185
186,1.2,2.4999999999999996,0.0,0.0,0.7977380543382998,0.9787896592206423,4.9787896592206415,3.999999999999999,0.0,-4.9787896592206415,127.0,186
187,1.2,2.5446428571428568,0.0011319324667635824,0.0,0.7715889489852502,0.8595319303192631,4.793980528079051,3.9344485977597876,0.0,-4.793980528079051,128.0,187
188,1.2,2.589285714285714,0.018052093849203758,0.0,0.7464104798251712,0.7519020315382278,4.338132840069635,3.586230808531407,0.0,-4.338132840069635,129.0,188
189,1.2,2.633928571428571,0.05084814170445901,0.0,0.7236261686903517,0.6596747229498215,3.9236587094443203,3.2639839864944986,0.0,-3.9236587094443203,130.0,189
190,1.2,2.678571428571428,0.094817885721761,0.0,0.703018717485287,0.5805634739581125,3.5465986308487456,2.966035156890633,0.0,-3.5465986308487456,131.0,190
191,1.2,2.7232142857142856,0.1462553854838647,0.0,0.6843916238358713,0.5126304929987204,3.203455936995333,2.6908254439966126,0.0,-3.203455936995333,132.0,191
192,1.2,2.7678571428571423,0.20225977050755034,0.0,0.6675667502171982,0.4542315519690182,2.891128270102243,2.436896718133225,0.0,-2.891128270102243,133.0,192
193,1.2,2.8124999999999996,0.26058062958857425,0.0,0.6523822530002747,0.40397006861355134,2.606850622618496,2.2028805540049445,0.0,-2.606850622618496,134.0,193
194,1.2,2.8571428571428568,0.31949259189531415,0.0,0.6386908106545893,0.360658755314701,2.3481478644271907,1.9874891091124895,0.0,-2.3481478644271907,135.0,194
195,1.2,2.901785714285714,0.3776933286638161,0.0,0.6263581012825977,0.32328748261817714,2.1127950778664197,1.7895075952482427,0.0,-2.1127950778664197,136.0,195
196,1.1972222222222224,2.946428571428571,0.4342204348521749,0.0,0.6152614884786775,0.29099627171146075,1.8987843401665205,1.6077880684550598,0.0,-1.8987843401665205,137.0,196
197,1.1833333333333333,2.991071428571428,0.4883835980013222,0.0,0.6052888816500718,0.2630525391062018,1.7042968449790035,1.4412443058728017,0.0,-1.7042968449790035,138.0,197
198,1.1694444444444445,3.0,0.5397091957614194,0.0,0.5963377427583754,0.24313504365339533,1.516819704614202,1.2736846609608066,0.0,-1.516819704614202,139.0,198
199,1.1555555555555557,3.0,0.5875452285877448,3.965274889718831,0.5883712527131327,0.2702103396578602,1.790798044494764,1.5205877048369039,0.0,2.174476845224067,140.0,199
200,1.1416666666666668,3.0,0.5195997849690865,0.0,0.5997918243792255,0.2503136611669323,1.5903166892480616,1.3400030280811293,0.0,-1.5903166892480616,141.0,200
201,1.1277777777777778,3.0,0.5688820760918778,4.2552203036328065,0.5914393207592252,0.2801047833563308,1.8888375876779384,1.6087328043216076,0.0,2.366382715954868,142.0,201
202,1.113888888888889,3.0,0.4963608220809539,0.0,0.6038678014102487,0.25887384128858104,1.6771356283653547,1.4182617870767735,0.0,-1.6771356283653547,143.0,202
203,1.1,3.0,0.5472489057685958,7.618869224712429,0.5950593159671533,0.32750103687093285,2.344929237024724,2.017428200153791,0.0,5.273939987687705,144.0,203
204,1.0861111111111112,3.0,0.3955978235567102,9.747930275512683,0.6227585806083703,0.4202101843916753,3.184159497670303,2.7639493132786277,0.0,6.563770777842381,145.0,204
205,1.0722222222222224,3.0,0.24115105457977187,0.0,0.65723216662645,0.37939360509680886,2.8222512043246484,2.4428575992278394,0.0,-2.8222512043246484,146.0,205
206,1.0583333333333333,3.0,0.30289868897939903,0.0,0.6424094187045769,0.3443970366830532,2.5026578758109292,2.158260839127876,0.0,-2.5026578758109292,147.0,206
207,1.0444444444444445,3.0,0.36353564430261154,0.0,0.6292652071719564,0.3143222937276218,2.220214271429185,1.905891977701563,0.0,-2.220214271429185,148.0,207
208,1.0305555555555557,3.0,0.42195720120713376,0.0,0.617604417931257,0.28841949929247374,1.970424323572607,1.6820048242801333,0.0,-1.970424323572607,149.0,208
209,1.0166666666666668,3.0,0.477450316302951,0.0,0.6072555506856026,0.26606129066695405,1.7493678638305226,1.4833065731635684,0.0,-1.7493678638305226,150.0,209
210,1.0027777777777778,3.0,0.5295898219620675,0.6321307087279217,0.5980676942579213,0.25365383036349287,1.6242978332646145,1.3706440029011218,0.0,-0.9921671245366929,151.0,210
211,0.9888888888888889,3.0,0.5603616413125465,18.566604509654162,0.5928567324693882,0.46160274925619943,3.540714652297444,3.0791119030412446,0.0,15.025889857356718,152.0,211
212,0.9750000000000001,3.0,0.1874051070944197,0.0,0.6717742212160096,0.414807438156656,3.13687248550404,2.722065047347384,0.0,-3.13687248550404,153.0,212
213,0.9611111111111111,3.0,0.248805228504705,3.2538703408496517,0.6552990505988665,0.4163269436980298,3.1501900941054743,2.7338631504074447,0.0,0.1036802467441773,154.0,213
214,0.9472222222222223,3.0,0.24663702745790758,0.0,0.6558435897099179,0.376067461181586,2.7922643836120082,2.416196922430422,0.0,-2.7922643836120082,155.0,214
215,0.9333333333333333,3.0,0.30834327213386264,0.0,0.6411783355943086,0.34154153176411184,2.476165575174836,2.1346240434107244,0.0,-2.476165575174836,156.0,215
216,0.9194444444444445,3.0,0.36882172279192654,0.0,0.6281732642961214,0.31186531194852823,2.196791986434059,1.8849266744855306,0.0,-2.196791986434059,157.0,216
217,0.9055555555555557,3.0,0.4270074034635738,0.0,0.6166354912581274,0.2863007625406052,1.9497021946966515,1.6634014321560464,0.0,-1.9497021946966515,158.0,217
218,0.8916666666666667,3.0,0.4822165880322063,0.0,0.606395458722956,0.2642303099184977,1.7310231173992519,1.4667928074807541,0.0,-1.7310231173992519,159.0,218
219,0.8777777777777778,3.0,0.5340455425649282,0.0,0.5973039507534221,0.24513609451399715,1.5373719489797015,1.2922358544657044,0.0,-1.5373719489797015,160.0,219
220,0.8638888888888889,3.0,0.582294027324554,6.348638346890636,0.5892295182482766,0.29936612026145726,2.0767716955249043,1.7774055752634468,0.0,4.271866651365732,161.0,220
221,0.8500000000000001,3.0,0.45338248567713385,0.0,0.6116657926777185,0.2755158307522631,1.8434990501644575,1.5679832194121943,0.0,-1.8434990501644575,162.0,221
222,0.8361111111111111,3.0,0.5070377048558438,0.0,0.6019835497671908,0.2549046990831992,1.6369888546132623,1.3820841555300631,0.0,-1.6369888546132623,163.0,222
223,0.8222222222222222,3.0,0.5571970422765307,0.0,0.5933859192282556,0.2370556885131973,1.4540653376957036,1.2170096491825062,0.0,-1.4540653376957036,164.0,223
224,0.8083333333333333,3.0,0.6037350827054915,0.0,0.5857490214462403,0.22156752326195878,1.291948735029772,1.0703812117678133,0.0,-1.291948735029772,165.0,224
225,0.7944444444444445,3.0,0.6466502977621059,1.9603159224487656,0.5789635764093193,0.22864339458255178,1.3664229781909372,1.1377795836083855,0.0,0.5938929442578285,166.0,225
226,0.7805555555555557,3.0,0.6267397293015824,0.0,0.5820827620409256,0.21425693441154872,1.2142459655973192,0.9999890311857704,0.0,-1.2142459655973192,167.0,226
227,0.7666666666666667,3.0,0.6677804080859412,0.0,0.5757054197846372,0.2017368512711641,1.0792809111361974,0.8775440598650334,0.0,-1.0792809111361974,168.0,227
228,0.7527777777777778,3.0,0.7053518683174713,0.0,0.5700369276043,0.1908213160880256,0.9595303260905856,0.76870901000256,0.0,-0.9595303260905856,169.0,228
229,0.7388888888888889,3.0,0.7396180424125304,0.0,0.5649973775723116,0.18128833691747173,0.8532379863058541,0.6719496493883824,0.0,-0.8532379863058541,170.0,229
230,0.7250000000000001,3.0,0.7707710186929049,0.41049187295184564,0.5605160856274279,0.17694484142281422,0.8042478239183557,0.6273029824955415,0.0,-0.39375595096651006,171.0,230
231,0.7111111111111111,3.0,0.7853643380420854,20.403662239902967,0.5584480396664694,0.3996677073803269,3.003382227622215,2.6037145202418883,0.0,17.400280012280753,172.0,231
232,0.6972222222222222,3.0,0.2710823998404758,0.0,0.6498360649410532,0.3617902923507645,2.6626427392189846,2.30085244686822,0.0,-2.6626427392189846,173.0,232
233,0.6833333333333333,3.0,0.33246019444682523,0.0,0.6358515967728863,0.3292778686745853,2.3616285267140014,2.032350658039416,0.0,-2.3616285267140014,174.0,233
234,0.6694444444444445,3.0,0.3921360304209989,0.0,0.6234480856031699,0.3013075782545555,2.0955108218354166,1.7942032435808613,0.0,-2.0955108218354166,175.0,234
235,0.6555555555555556,3.0,0.44920958556018353,0.0,0.6124422514548746,0.27719174169070115,1.8600829696242935,1.5828912279335923,0.0,-1.8600829696242935,176.0,235
236,0.6416666666666667,3.0,0.5031183601940761,0.0,0.6026729081270159,0.2563544481610916,1.6516742841997964,1.395319836038705,0.0,-1.6516742841997964,177.0,236
237,0.6277777777777778,3.0,0.5535470217839017,0.0,0.5939981482310086,0.2383123684911697,1.4670768145265343,1.2287644460353646,0.0,-1.4670768145265343,178.0,237
238,0.6138888888888889,3.0,0.6003589697285218,0.0,0.5862929128605961,0.22265900010726533,1.3034829270307107,1.0808239269234454,0.0,-1.3034829270307107,179.0,238
239,0.6,3.0,0.6435448047682479,0.0,0.5794468890841743,0.20905170736708592,1.158431977783232,0.949380270416146,0.0,-1.158431977783232,180.0,239
