,kc,LAI,stress,R,s,E,ET,T,L,dsdt,dos,doy
60,0.3,0.75,0.9562370962961,4.048146589775716,0.5355315592586515,0.5116888496452503,0.6402944497954088,0.12860560015015848,0.0,3.4078521399803074,1.0,60
61,0.3,0.75,0.821343856399711,0.0,0.5534299423467833,0.49293639331582884,0.6054001165803887,0.11246372326455986,0.0,-0.6054001165803887,2.0,61
62,0.3,0.75,0.8445586482015894,0.0,0.5502503198857519,0.47542184536847726,0.5726233808200862,0.097201535451609,0.0,-0.5726233808200862,3.0,62
63,0.3,0.75,0.86681429761877,0.0,0.5472428441461507,0.45905105253200357,0.5418167044335266,0.082765651901523,0.0,-0.5418167044335266,4.0,63
64,0.3,0.75,0.8881391098045963,0.0,0.5443971681774872,0.4437380562223598,0.5128444634742981,0.06910640725193833,0.0,-0.5128444634742981,5.0,64
65,0.3,0.75,0.9085623508027846,0.0,0.5417036573399121,0.4294042908366347,0.48558184606821264,0.05617755523157797,0.0,-0.48558184606821264,6.0,65
66,0.3,0.75,0.9281138757939961,0.0,0.5391533325181253,0.41597786884393284,0.4599138649309339,0.04393599608700107,0.0,-0.4599138649309339,7.0,66
67,0.3,0.75,0.9468238230017748,0.0,0.5367378185216393,0.40339294237477924,0.43573447127864756,0.03234152890386834,0.0,-0.43573447127864756,8.0,67
68,0.3,0.75,0.9647223628094941,0.0,0.5344492971388732,0.3915891323407009,0.4129457586072923,0.021356626266591405,0.0,-0.4129457586072923,9.0,68
69,0.3,0.75,0.9818394932994813,22.624161112626776,0.5322804643730786,1.1236330294677186,1.704936261297826,0.5813032318301076,0.0,20.91922485132895,10.0,69
70,0.3,0.75,0.3040404478693231,0.0,0.6421503427939239,1.0589645385532733,1.597286183964108,0.5383216454108346,0.0,-1.597286183964108,11.0,70
71,0.3,0.75,0.34217242369430506,0.0,0.6337612346848687,0.9995496225885446,1.497603549075914,0.49805392648736946,0.0,-1.497603549075914,12.0,71
72,0.3,0.75,0.3799703132526712,0.0,0.6258956698262766,0.9448910932243824,1.4051903083905102,0.46029921516612776,0.0,-1.4051903083905102,13.0,72
73,0.3,0.75,0.41723606196542795,0.0,0.6185154686267467,0.8945455622019218,1.3194198116103057,0.42487424940838386,0.0,-1.3194198116103057,14.0,73
74,0.3,0.75,0.45381379285350976,0.0,0.6115857427254321,0.8481168975969507,1.2397284626790246,0.3916115650820739,0.0,-1.2397284626790246,15.0,74
75,0.3,0.75,0.48958253153730474,0.0,0.605074563824807,0.8052505634568443,1.1656084698159175,0.3603579063590732,0.0,-1.1656084698159175,16.0,75
76,0.3,0.75,0.5244501677202537,0.0,0.5989526706009839,0.7656287118216004,1.096601530706323,0.3309728188847226,0.0,-1.096601530706323,17.0,76
77,0.3,0.75,0.5583484359343199,0.0,0.5931932087800473,0.7289659172681466,1.0322933194123736,0.30332740214422704,0.0,-1.0322933194123736,18.0,77
78,0.3,0.75,0.5912287383521947,0.0,0.5877715001696883,0.6950054615793139,0.9723086623938174,0.27730320081450355,0.0,-0.9723086623938174,19.0,78
79,0.3,0.75,0.6230586647301493,0.0,0.5826648370268636,0.6635160906041736,0.9163073083331186,0.2527912177289449,0.0,-0.9163073083331186,20.0,79
80,0.3,0.75,0.6538190906242479,0.0,0.577852298642761,0.6342891773963442,0.8639802108815968,0.22969103348525266,0.0,-0.8639802108815968,21.0,80
81,0.3,0.75,0.6835017561677741,3.2419263523410375,0.5733145874511559,0.7110361489027621,1.0006754044416137,0.2896392555388516,0.0,2.241250947899424,22.0,81
82,0.3,0.75,0.607864330107219,0.0,0.5850858634380226,0.678384261727196,0.9427964062297043,0.26441214450250833,0.0,-0.9427964062297043,23.0,82
83,0.3,0.75,0.6391413976614603,0.0,0.5801342016405977,0.6480926318101515,0.8887367996850204,0.24064416787486884,0.0,-0.8887367996850204,24.0,83
84,0.3,0.75,0.6693434622099018,0.0,0.5754664663481344,0.6199633648716519,0.8382024033426967,0.2182390384710448,0.0,-0.8382024033426967,25.0,84
85,0.3,0.75,0.6984670787745819,0.0,0.5710641428011665,0.5938175401106547,0.7909254255562536,0.1971078854455989,0.0,-0.7909254255562536,26.0,85
86,0.3,0.75,0.7265167328625731,0.0,0.5669101227089592,0.5694931672700229,0.7466617562730271,0.17716858900300422,0.0,-0.7466617562730271,27.0,86
87,0.3,0.75,0.7535033034597716,0.0,0.5629885798713908,0.5468433874418608,0.7051885708245367,0.1583451833826759,0.0,-0.7051885708245367,28.0,87
88,0.30357142857142855,0.75,0.7794427798032364,0.0,0.5592848583859679,0.5257348856901327,0.6663022059427783,0.14056732025264562,0.0,-0.6663022059427783,29.0,88
89,0.3214285714285714,0.75,0.804355190473542,0.0,0.5557853720102179,0.5060464881204145,0.6298162737694605,0.12376978564904596,0.0,-0.6298162737694605,30.0,89
90,0.33928571428571425,0.75,0.8282637103236028,0.0,0.552477513429496,0.4876679198778717,0.5955599843394526,0.1078920644615808,0.0,-0.5955599843394526,31.0,90
91,0.3571428571428571,0.75,0.8511939165107195,0.0,0.5493495723352763,0.4704987038201778,0.5633766510295037,0.09287794720932592,0.0,-0.5633766510295037,32.0,91
92,0.37499999999999994,0.75,0.8731731696495811,0.0,0.5463906613529784,0.4544471823876622,0.5331223568819585,0.0786751744942963,0.0,-0.5331223568819585,33.0,92
93,0.3928571428571428,0.75,0.894230100037551,0.22108317961388158,0.5435906489743967,0.4456369233106398,0.5164455639242284,0.07080864061358856,0.0,-0.2953623843103468,34.0,93
94,0.41071428571428564,0.75,0.9060041375908532,0.0,0.5420393759475566,0.4311822782469444,0.48897128279521584,0.05778900454827145,0.0,-0.48897128279521584,35.0,94
95,0.4285714285714285,0.75,0.9256652773637293,0.0,0.5394712494622876,0.4176438052932978,0.46310580271227836,0.045461997418980535,0.0,-0.46310580271227836,36.0,95
96,0.4464285714285714,0.75,0.9444809851297664,0.0,0.537038971086698,0.40495491863354566,0.4387419798496957,0.03378706121615007,0.0,-0.4387419798496957,37.0,96
97,0.4642857142857142,0.75,0.9624814394456801,0.0,0.5347346539656387,0.39305457063719496,0.4157809096722605,0.022726339035065556,0.0,-0.4157809096722605,38.0,97
98,0.4821428571428571,0.75,0.9796966703545985,0.0,0.5325509307005533,0.3818867334625818,0.3941312008252373,0.01224446736265552,0.0,-0.3941312008252373,39.0,98
99,0.4999999999999999,0.75,0.996156389334735,0.0,0.5304809138894964,0.3713999343514236,0.37370832102100604,0.0023083866695824185,0.0,-0.37370832102100604,40.0,99
100,0.5178571428571428,0.75,1.0,0.0,0.5285181601026213,0.36154683852703556,0.36154683852703556,0.0,0.0,-0.36154683852703556,41.0,100
101,0.5357142857142856,0.75,1.0,0.0,0.5266192796481726,0.35209880535783333,0.35209880535783333,0.0,0.0,-0.35209880535783333,42.0,101
102,0.5535714285714285,0.75,1.0,0.0,0.5247700212166714,0.3429781736202412,0.3429781736202412,0.0,0.0,-0.3429781736202412,43.0,102
103,0.5714285714285714,0.75,1.0,0.0,0.5229686652627835,0.3341708477372273,0.3341708477372273,0.0,0.0,-0.3341708477372273,44.0,103
104,0.5892857142857142,0.75,1.0,0.0,0.521213566272567,0.32566345564722154,0.32566345564722154,0.0,0.0,-0.32566345564722154,45.0,104
105,0.607142857142857,0.75,1.0,0.0,0.5195031489634955,0.31744330576869717,0.31744330576869717,0.0,0.0,-0.31744330576869717,46.0,105
106,0.6249999999999999,0.75,1.0,0.0,0.5178359047105087,0.30949834687000355,0.30949834687000355,0.0,0.0,-0.30949834687000355,47.0,106
107,0.6428571428571428,0.75,1.0,2.1778327428959967,0.51621038818283,0.35720985011338663,0.35720985011338663,0.0,0.0,1.82062289278261,48.0,107
108,0.6607142857142856,0.75,1.0,0.0,0.5257724832079488,0.34791246275240945,0.34791246275240945,0.0,0.0,-0.34791246275240945,49.0,108
109,0.6785714285714284,0.75,1.0,0.0,0.5239452118699635,0.33893597581875656,0.33893597581875656,0.0,0.0,-0.33893597581875656,50.0,109
110,0.6964285714285713,0.75,1.0,0.0,0.5221650859465456,0.33026662820579694,0.33026662820579694,0.0,0.0,-0.33026662820579694,51.0,110
111,0.7142857142857142,0.75,1.0,8.9498635852949,0.520430492311011,0.572554182490174,0.7522473586576883,0.17969317616751432,0.0,8.19761622663721,52.0,111
112,0.732142857142857,0.75,0.7500585421747592,20.866433244467345,0.5634851993836855,1.2876328253665912,1.9744063179830886,0.6867734926164974,0.0,18.892026926484256,53.0,112
113,0.7499999999999999,0.75,0.2201185000743724,0.8410838087324687,0.6627080298799263,1.2424738083399598,1.900676145261063,0.6582023369211033,0.0,-1.0595923365285942,54.0,113
114,0.7678571428571428,0.75,0.24150169903387736,0.0,0.6571429440788307,1.167955366344734,1.778241497923121,0.6102861315783871,0.0,-1.778241497923121,55.0,114
115,0.7857142857142856,0.75,0.27961488586509387,0.0,0.6478034404132681,1.0996420877759538,1.6650986017596405,0.5654565139836867,0.0,-1.6650986017596405,56.0,115
116,0.8035714285714284,0.75,0.3178335701381048,0.0,0.6390581746477237,1.0369316542526104,1.5604108925616842,0.5234792383090738,0.0,-1.5604108925616842,57.0,116
117,0.8214285714285712,0.75,0.35587076052462696,0.0,0.6308627392876308,0.9792886063819407,1.4634297549625686,0.48414114858062773,0.0,-1.4634297549625686,58.0,117
118,0.8392857142857142,0.75,0.39349696631591297,0.0,0.623176658641819,0.9262359991787729,1.3734839606595042,0.44724796148073126,0.0,-1.3734839606595042,59.0,118
119,0.857142857142857,0.75,0.4305302904059073,9.083019196623297,0.6159629823778511,1.2164897576616627,1.8580957503011453,0.6416059926394825,0.0,7.224923446322152,60.0,119
120,0.875,0.75,0.25438300865934965,0.0,0.6539090088816439,1.1441457684275607,1.7389090110594514,0.5947632426318907,0.0,-1.7389090110594514,61.0,120
121,0.8928571428571428,0.75,0.29256812191562875,0.0,0.6447760834033905,1.0777948026255992,1.6287200029618738,0.5509252003362745,0.0,-1.6287200029618738,62.0,121
122,0.9107142857142856,0.75,0.3307543567972682,0.0,0.6362218817071622,1.0168582099611454,1.5267232421555237,0.5098650321943784,0.0,-1.5267232421555237,63.0,122
123,0.9285714285714284,0.75,0.3686754346873669,2.117935150624371,0.6282033772840765,1.0388409058027988,1.56361043989135,0.5247695340885512,0.0,0.5543247107330209,64.0,123
124,0.9464285714285714,0.75,0.3546690990553454,0.0,0.6311147465631365,0.9810446888601573,1.4663954723632122,0.485350783503055,0.0,-1.4663954723632122,65.0,124
125,0.9642857142857142,0.75,0.39231136778475945,0.0,0.6234130896704726,0.9278532220496704,1.3762360524679387,0.4483828304182683,0.0,-1.3762360524679387,66.0,125
126,0.982142857142857,0.75,0.42936588177671264,0.0,0.6161849591428048,0.8788393580171995,1.2925271619026624,0.4136878038854629,0.0,-1.2925271619026624,67.0,126
127,0.9999999999999998,0.75,0.46568899760268284,0.0,0.6093964761496186,0.8336212507691069,1.2147243362872757,0.38110308551816896,0.0,-1.2147243362872757,68.0,127
128,1.0178571428571428,0.75,0.5011698605715813,0.0,0.6030166214422275,0.7918569564647195,1.142336739387411,0.3504797829226916,0.0,-1.142336739387411,69.0,128
129,1.0357142857142856,0.75,0.5357247237706214,39.853304587637616,0.597016953693344,2.4285635775422727,3.6285635775422724,1.2,0.0,36.22474101009534,70.0,129
130,1.0535714285714284,0.75,0.0,0.0,0.7872729463934246,2.251097699628027,3.4510976996280274,1.2,0.0,-3.4510976996280274,71.0,130
131,1.0714285714285712,0.75,0.0018844512757582618,0.0,0.7691474332651261,2.086527995523241,3.2344356751958463,1.1479076796726053,0.0,-3.2344356751958463,72.0,131
132,1.0892857142857142,0.75,0.012401182397229584,0.0,0.7521598509374169,1.9361171903845917,3.0024844748841923,1.0663672844996008,0.0,-3.0024844748841923,73.0,132
133,1.107142857142857,0.75,0.030428616257374204,0.0,0.7363904997037815,1.799890510269431,2.790564908847582,0.9906743985781508,0.0,-2.790564908847582,74.0,133
134,1.1249999999999998,0.75,0.05431850851722904,5.983671641804065,0.7217341714010106,1.9448772970583814,3.016050184702662,1.0711728876442808,0.0,2.9676214571014032,75.0,134
135,1.1428571428571428,0.75,0.029144746764429623,0.0,0.7373204185496525,1.8078315579187245,2.8029695669570565,0.9951380090383317,0.0,-2.8029695669570565,76.0,135
136,1.1607142857142856,0.75,0.05271810751898255,4.4820284006052855,0.7225989397316007,1.8837143584296905,2.921181581761675,1.0374672233319846,0.0,1.5608468188436104,77.0,136
137,1.1785714285714284,0.75,0.03873549139950424,4.8343447855072545,0.7307966646204852,1.9714354553171616,3.0571336837855894,1.0856982284684278,0.0,1.7772111017216652,78.0,137
138,1.1964285714285712,0.75,0.025432905183515427,21.331484913975782,0.7401307565412922,2.873337420244152,4.073337420244152,1.2,3.077146128474897,14.181001365256733,79.0,138
139,1.2,0.75,0.0,5.8416076718838985,0.814610805728565,2.805052654214311,4.005052654214311,1.2,2.333026246704994,-0.49647122903540675,80.0,139
140,1.2,0.75,0.0,7.959813988680514,0.8120032887693455,2.889740363617231,4.089740363617231,1.2,3.261850935003759,0.6082226900595233,81.0,140
141,1.2,0.75,0.0,2.9027879059875934,0.8151977356709186,2.6594446884614573,3.8594446884614575,1.2,0.8860597132005262,-1.8427164956743902,82.0,141
142,1.2,0.75,0.0,0.0,0.8055196028154858,2.420921093021458,3.620921093021458,1.2,0.0,-3.620921093021458,83.0,142
143,1.2,0.75,0.0,13.266228597929606,0.786502160100037,2.9134406014788308,4.113440601478831,1.2,3.532694352707823,5.620093643742953,84.0,143
144,1.2,0.75,0.0,0.0,0.8160194586491072,2.5204943266769857,3.7204943266769854,1.2,0.0,-3.7204943266769854,85.0,144
145,1.2,0.75,0.0,0.0,0.7964790472695011,2.336265263533548,3.536265263533548,1.2,0.0,-3.536265263533548,86.0,145
146,1.2,0.75,7.014226602417935e-05,0.0,0.7779062255072451,2.1655330418087635,3.3554829242435398,1.1899498824347763,0.0,-3.3554829242435398,87.0,146
147,1.2,0.7589285714285714,0.006220230309967656,1.5034180349668955,0.760282890821092,2.068597378788527,3.2254667779544146,1.156869399165888,0.0,-1.722048742987519,88.0,147
148,1.2,0.8035714285714285,0.013235566312414158,0.0,0.7512385171709475,1.8771081502879052,3.0149062385956347,1.1377980883077297,0.0,-3.0149062385956347,89.0,148
149,1.2,0.8482142857142856,0.03182095765638276,0.0,0.7354039255816847,1.7056291744698922,2.8206790561990367,1.1150498817291448,0.0,-2.8206790561990367,90.0,149
150,1.2,0.8928571428571428,0.05647384423162727,2.7134208174350225,0.7205894347403031,1.6635121867880553,2.83402986962085,1.1705176828327948,0.0,-0.12060905218582763,91.0,150
151,1.2,0.9374999999999999,0.05768454203370882,0.0,0.7199559838359658,1.5128021152682476,2.652538018284042,1.1397359030157945,0.0,-2.652538018284042,92.0,151
152,1.2,0.982142857142857,0.08755778841120346,0.0,0.7060245866811127,1.3775482034068516,2.4839884625452733,1.106440259138422,0.0,-2.4839884625452733,93.0,152
153,1.2,1.0267857142857142,0.12116406169484603,1.322306027514143,0.6929784287895934,1.3042663408900934,2.4209052574390313,1.116638916548938,0.0,-1.0985992299248883,94.0,153
154,1.2,1.0714285714285712,0.13776427423190082,5.703704556434099,0.6872084748509122,1.3951146151200544,2.678531115770034,1.2834165006499798,0.0,3.025173440664065,95.0,154
155,1.2,1.1160714285714284,0.09462516513309127,0.0,0.7030969908207865,1.2685933032056012,2.5050003804969325,1.2364070772913316,0.0,-2.5050003804969325,96.0,155
156,1.2,1.1607142857142856,0.12977148518336298,0.0,0.6899404762173362,1.155120991569544,2.3432502434697557,1.1881292519002116,0.0,-2.3432502434697557,97.0,156
157,1.2,1.2053571428571428,0.16766243907783296,0.0,0.6776334896444909,1.0532582327937938,2.1921451529084375,1.1388869201146437,0.0,-2.1921451529084375,98.0,157
158,1.2,1.2499999999999998,0.20749802492076844,0.0,0.6661201222447617,0.9617407064433893,2.0507016844014823,1.088960977958093,0.0,-2.0507016844014823,99.0,158
159,1.2,1.294642857142857,0.2486034350411305,0.771683795028443,0.6553496302048379,0.9022699890060536,1.9744628884581208,1.0721928994520673,0.0,-1.2027790934296778,100.0,159
160,1.2,1.339285714285714,0.27443972192509675,0.0,0.6490325131174972,0.8256478919151715,1.8459265757794328,1.0202786838642612,0.0,-1.8459265757794328,101.0,160
161,1.2,1.3839285714285712,0.3165749297858771,0.0,0.6393375205976473,0.7567013175496592,1.7251193571288201,0.9684180395791608,0.0,-1.7251193571288201,102.0,161
162,1.2,1.4285714285714284,0.35867153293179294,0.0,0.6302770197723908,0.6946223322760778,1.6114407987665076,0.9168184664904299,0.0,-1.6114407987665076,103.0,162
163,1.2,1.4732142857142856,0.4003671451707987,0.0,0.6218135701990373,0.6386935008204836,1.504364305554263,0.8656708047337796,0.0,-1.504364305554263,104.0,163
164,1.2,1.5178571428571423,0.4413609375639293,0.0,0.613912497165664,0.5882766007945369,1.4034265732609863,0.8151499724664495,0.0,-1.4034265732609863,105.0,164
165,1.2,1.5624999999999998,0.4814052905072805,0.0,0.6065415592808899,0.542802958784778,1.308218551593677,0.7654155928088989,0.0,-1.308218551593677,106.0,165
166,1.2,1.607142857142857,0.5202987134862864,0.0,0.5996706635267215,0.5017651411753484,1.2183776803073405,0.7166125391319922,0.0,-1.2183776803073405,107.0,166
167,1.2,1.651785714285714,0.5578797998568638,0.0,0.5932716210881325,0.46470978126316903,1.1335812041948548,0.6688714229316858,0.0,-1.1335812041948548,108.0,167
168,1.2,1.696428571428571,0.5940220304586157,0.0,0.5873179382929914,0.4312313632224986,1.0535404075464045,0.622309044323906,0.0,-1.0535404075464045,109.0,168
169,1.2,1.7410714285714282,0.6286292767827216,0.0,0.5817846378331889,0.4009668150325689,0.9779956366023876,0.5770288215698187,0.0,-0.9779956366023876,110.0,169
170,1.2,1.7857142857142856,0.6616318838590256,0.0,0.5766481061283444,0.373590788111145,0.9067120010065091,0.5331212128953641,0.0,-0.9067120010065091,111.0,170
171,1.2,1.8303571428571423,0.6929832365720959,0.0,0.5718859632659152,0.34881152227980083,0.8394756633948073,0.4906641411150065,0.0,-0.8394756633948073,112.0,171
172,1.2,1.8749999999999998,0.722656731983497,22.148732917348255,0.5674769524287576,0.7808060538971602,2.6264580282532757,1.8456519743561153,0.0,19.52227488909498,113.0,172
173,1.2,1.919642857142857,0.1935651226686991,1.4956476880965253,0.6700099087790464,0.7379302669909251,2.5545598824530487,1.8166296154621235,0.0,-1.0589121943565234,114.0,173
174,1.2,1.964285714285714,0.2136347741226461,0.0,0.6644483951532244,0.6660593490349924,2.3562677452469556,1.6902083962119632,0.0,-2.3562677452469556,115.0,174
175,1.2,2.008928571428571,0.26184491618507677,0.0,0.6520730393483559,0.602525046348648,2.1720355522560806,1.5695105059074326,0.0,-2.1720355522560806,116.0,175
176,1.2,2.053571428571428,0.31062658435999,0.0,0.6406652895991118,0.5463174004940738,2.0007754923681143,1.4544580918740404,0.0,-2.0007754923681143,117.0,176
177,1.2,2.0982142857142856,0.35924672267839197,0.0,0.6301570149543213,0.4965531713553427,1.8415188007419427,1.3449656293866,0.0,-1.8415188007419427,118.0,177
178,1.2,2.1428571428571423,0.40711968300902257,13.276958442166864,0.6204851725134497,0.7079866786419842,2.9052497246487787,2.1972630460067943,0.0,10.371708717518086,119.0,178
179,1.2,2.1875,0.17653969416185505,0.0,0.6749584325844481,0.6345499986764147,2.6639680548586875,2.029418056182273,0.0,-2.6639680548586875,120.0,179
180,1.2,2.2321428571428568,0.22670166723566232,14.215893580612285,0.6609670037248961,0.8547434018692561,3.7923192639515264,2.9375758620822703,0.0,10.423574316660758,121.0,180
181,1.2,2.276785714285714,0.06612577863383799,0.0,0.7157126671527363,0.7580162619097525,3.4641151261353373,2.7060988642255848,0.0,-3.4641151261353373,122.0,181
182,1.2,2.321428571428571,0.10885041275049946,0.0,0.6975187851877398,0.6739351925193167,3.1627857153085928,2.488850522789276,0.0,-3.1627857153085928,123.0,182
183,1.2,2.3660714285714284,0.1571091271965872,0.0,0.6809075156745644,0.6007798636342406,2.8859508152776443,2.2851709516434036,0.0,-2.8859508152776443,124.0,183
184,1.2,2.4107142857142856,0.20884822868534,0.0,0.665750210972476,0.537071688632048,2.631503515064534,2.094431826432486,0.0,-2.631503515064534,125.0,184
185,1.2,2.4553571428571423,0.2624337116433903,0.0,0.6519292891496581,0.48153818614826277,2.397569872785746,1.9160316866374834,0.0,-2.397569872785746,126.0,185
186,1.2,2.4999999999999996,0.31657722626418827,0.0,0.6393370104060355,0.4330830069104703,2.182475173407038,1.7493921664965675,0.0,-2.182475173407038,127.0,186
187,1.2,2.5446428571428568,0.3702750212905449,0.0,0.6278744307137717,0.39076062896102387,1.9847156434424478,1.5939550144814238,0.0,-1.9847156434424478,128.0,187
188,1.2,2.589285714285714,0.4227574183195401,0.0,0.6174505040150193,0.35375491892736477,1.8029346997476845,1.4491797808203197,0.0,-1.8029346997476845,129.0,188
189,1.2,2.633928571428571,0.4734468799541863,0.0,0.6079813091634033,0.32136091029320857,1.6359029790477209,1.3145420687545124,0.0,-1.6359029790477209,130.0,189
190,1.2,2.678571428571428,0.5219231267802631,1.879571149249874,0.5993893817524384,0.317481876347227,1.6762432300309733,1.3587613536837462,0.0,0.2033279192189006,131.0,190
191,1.2,2.7232142857142856,0.515769410077202,6.712648013325642,0.6004572804878318,0.3777867532947695,2.220209573388914,1.8424228200941442,0.0,4.492438439936728,132.0,191
192,1.2,2.7678571428571423,0.3891163584922465,0.0,0.6240520201933818,0.339899223625037,2.0059635813363705,1.6660643577113337,0.0,-2.0059635813363705,133.0,192
193,1.2,2.8124999999999996,0.44346810736795655,0.0,0.6135164971821614,0.30698824254647444,1.8102851918253788,1.5032969492789043,0.0,-1.8102851918253788,134.0,193
194,1.2,2.8571428571428568,0.49556702080480025,0.0,0.6040086968049273,0.2783608809075883,1.631662765340544,1.3533018844329556,0.0,-1.631662765340544,135.0,194
195,1.2,2.901785714285714,0.5450039707001452,0.0,0.595439039423937,0.2534229638508358,1.4687194102953804,1.2152964464445446,0.0,-1.4687194102953804,136.0,195
196,1.1972222222222224,2.946428571428571,0.5915137211092956,0.0,0.5877251769749067,0.23166473014031747,1.3201966388099853,1.0885319086696679,0.0,-1.3201966388099853,137.0,196
197,1.1833333333333333,2.991071428571428,0.6349452452591119,0.0,0.5807913710988039,0.2126486186436654,1.18494057967791,0.9722919610342445,0.0,-1.18494057967791,138.0,197
198,1.1694444444444445,3.0,0.6752372761920449,0.0,0.5745679436845291,0.19953026867441057,1.0552347874173693,0.8557045187429587,0.0,-1.0552347874173693,139.0,198
199,1.1555555555555557,3.0,0.7121621859630743,0.0,0.5690257441707824,0.1888954914077307,0.9381897794867531,0.7492942880790224,0.0,-0.9381897794867531,140.0,199
200,1.1416666666666668,3.0,0.7458168650046402,0.0,0.5640982768415453,0.17960475263718204,0.8342916679948521,0.6546869153576701,0.0,-0.8342916679948521,141.0,200
201,1.1277777777777778,3.0,0.7763971762089472,0.0,0.5597164928709841,0.1714751363119364,0.7420317994348311,0.5705566631228948,0.0,-0.7420317994348311,142.0,201
202,1.113888888888889,3.0,0.8041120165335209,14.4495327387482,0.5558192670336163,0.3198458252207472,2.272671490627342,1.9528256654065947,0.0,12.176861248120858,143.0,202
203,1.1,3.0,0.4107611662119155,0.0,0.6197733702275283,0.29318114589386224,2.0168298542624052,1.7236487083685432,0.0,-2.0168298542624052,144.0,203
204,1.0861111111111112,3.0,0.466867314119492,0.0,0.6091807764551418,0.27017499298295716,1.7904459009216789,1.5202709079387218,0.0,-1.7904459009216789,145.0,204
205,1.0722222222222224,3.0,0.5196842719848084,13.595395450576245,0.5997771740343346,0.41334365786873895,3.124029646444896,2.710685988576157,0.0,10.471365804131349,146.0,205
206,1.0583333333333333,3.0,0.2509054456558419,0.0,0.6547738431736799,0.37351169743510987,2.769169486369764,2.395657788934654,0.0,-2.769169486369764,147.0,206
207,1.0444444444444445,3.0,0.31257095723257033,0.0,0.6402298857872841,0.33934700752290875,2.4557608146387633,2.1164138071158547,0.0,-2.4557608146387633,148.0,207
208,1.0305555555555557,3.0,0.37292037781550674,0.0,0.6273319823490553,0.3099767307750035,2.1787507918768645,1.868774061101861,0.0,-2.1787507918768645,149.0,208
209,1.0166666666666668,3.0,0.4309189169008762,0.0,0.6158889634841558,0.2846718972514755,1.9337399961472659,1.6490680988957904,0.0,-1.9337399961472659,150.0,209
210,1.0027777777777778,3.0,0.4859051013945325,7.670392642909477,0.6057327660253992,0.3528137138939199,2.5803677939758165,2.2275540800818967,0.0,5.090024848933661,151.0,210
211,0.9888888888888889,3.0,0.34826007448664525,0.0,0.6324660898118154,0.321561526296202,2.288910450683057,1.9673489243868552,0.0,-2.288910450683057,152.0,211
212,0.9750000000000001,3.0,0.4073273145937548,0.0,0.6204445013103288,0.2946597824737459,2.0311942076320584,1.7365344251583124,0.0,-2.0311942076320584,153.0,212
213,0.9611111111111111,3.0,0.46361683257974684,0.0,0.6097764645055386,0.27145207812734057,1.8031601966336808,1.5317081185063401,0.0,-1.8031601966336808,154.0,213
214,0.9472222222222223,3.0,0.5166384475595253,0.0,0.6003060853215382,0.25138839200160273,1.6012652301751351,1.3498768381735324,0.0,-1.6012652301751351,155.0,214
215,0.9333333333333333,3.0,0.5661293623686774,0.0,0.5918960788605343,0.2340068650831016,1.4224115792053595,1.188404714122258,0.0,-1.4224115792053595,156.0,215
216,0.9194444444444445,3.0,0.6119906000795141,0.0,0.5844254298100859,0.2189188318683086,1.263887084221958,1.0449682523536494,0.0,-1.263887084221958,157.0,216
217,0.9055555555555557,3.0,0.6542391805739562,0.0,0.5777873673929538,0.20579650208168265,1.1233139560263945,0.917517453944712,0.0,-1.1233139560263945,158.0,217
218,0.8916666666666667,3.0,0.6929722751350411,0.0,0.5718876092205463,0.19436280706840026,0.998604904102888,0.8042420970344878,0.0,-0.998604904102888,159.0,218
219,0.8777777777777778,3.0,0.7283404738550132,21.595976988971245,0.5666428355645438,0.4354694840998142,3.316757505658843,2.881288021559029,0.0,18.279219483312403,160.0,219
220,0.8638888888888889,3.0,0.22034710160436474,0.0,0.6626471395735375,0.3924572962042152,2.9392823760161346,2.5468250798119194,0.0,-2.9392823760161346,161.0,220
221,0.8500000000000001,3.0,0.2821320838282552,0.0,0.6472097321364779,0.3556067843755078,2.6060336413958836,2.2504268570203756,0.0,-2.6060336413958836,162.0,221
222,0.8361111111111111,3.0,0.3432901500308567,0.0,0.6335225806585584,0.3239629597507474,2.3115965083950676,1.9876335486443202,0.0,-2.3115965083950676,163.0,222
223,0.8222222222222222,3.0,0.4025555172329003,3.737874032115165,0.6213818426942985,0.3411598753341272,2.472619728891397,2.1314598535572697,0.0,1.265254303223768,164.0,223
224,0.8083333333333333,3.0,0.36953226600098243,0.0,0.628027085883499,0.3115368838056488,2.1936569327688287,1.8821200489631797,0.0,-2.1936569327688287,165.0,224
225,0.7944444444444445,3.0,0.42768576761324645,0.0,0.6165057784634946,0.2860175170288289,1.9469284635279254,1.6609109464990965,0.0,-1.9469284635279254,166.0,225
226,0.7805555555555557,3.0,0.4828564697295299,0.0,0.6062803138441253,0.2639855072710305,1.7285675330782353,1.4645820258072049,0.0,-1.7285675330782353,167.0,226
227,0.7666666666666667,3.0,0.534643479048792,0.0,0.5972017028510673,0.24492407692424556,1.5351967716647377,1.290272694740492,0.0,-1.5351967716647377,168.0,227
228,0.7527777777777778,3.0,0.5828486064050928,0.0,0.5891386945965257,0.22839895106319388,1.3638618873164863,1.1354629362532924,0.0,-1.3638618873164863,169.0,228
229,0.7388888888888889,3.0,0.6274188966799149,0.0,0.5819755544320483,0.2140443932262731,1.2119750383216,0.9979306450953267,0.0,-1.2119750383216,170.0,229
230,0.7250000000000001,3.0,0.6684034424145627,1.1771639244247791,0.575610139314813,0.21368208848090425,1.2081023691496606,0.9944202806687563,0.0,-0.030938444724881498,171.0,230
231,0.7111111111111111,3.0,0.6694666387220266,0.0,0.5754476474832747,0.20123609178584392,1.0738309234647176,0.8725948316788738,0.0,-1.0738309234647176,172.0,231
232,0.6972222222222222,3.0,0.7068923150396584,0.0,0.5698077791877667,0.19038432664230928,0.9546936870474295,0.7643093604051202,0.0,-0.9546936870474295,173.0,232
233,0.6833333333333333,3.0,0.7410204955044726,0.0,0.5647936316717613,0.18090635990408113,0.8489440880018981,0.668037728097817,0.0,-0.8489440880018981,174.0,233
234,0.6694444444444445,3.0,0.7720441567744316,0.0,0.5603348917137682,0.17261484365583535,0.7550447645601834,0.5824299209043481,0.0,-0.7550447645601834,175.0,234
235,0.6555555555555556,3.0,0.8001708932232736,4.993232680173455,0.5563693204713303,0.21527200035842317,1.225082215274195,1.0098102149157717,0.0,3.7681504648992603,176.0,235
236,0.6416666666666667,3.0,0.6648117554747259,13.091611064642585,0.5761600266945407,0.3502413167084176,2.5566762895436907,2.206434972835273,0.0,10.534934775098893,177.0,236
237,0.6277777777777778,3.0,0.3528808295122125,0.0,0.631490566479724,0.31934942913163206,2.2679683055423325,1.9486188764107004,0.0,-2.2679683055423325,178.0,237
238,0.6138888888888889,3.0,0.4117585189139299,0.0,0.6195789682363294,0.2927533026038065,2.0126694927413307,1.7199161901375242,0.0,-2.0126694927413307,179.0,238
239,0.6,3.0,0.4678109933232874,0.0,0.6090082251021838,0.2698054382939434,1.7867633602558715,1.516957921961928,0.0,-1.7867633602558715,180.0,239
